5454.84,1870.68,0
3304.59,2167.36,0
2273.08,629.86,0
4943.2,3926.29,0
678.773,2832.61,0
3193.81,2782.12,0
3238.71,4577.81,0
5215.27,2002.9,0
1019.07,5160.44,0
2982.15,632.147,0
3449.47,2378.83,0
704.985,4540.3,0
3336.42,5165.55,0
3946.13,4749.78,0
2593.92,4780.64,0
984.157,815.677,0
776.964,1864.01,0
2441.86,467.871,0
344.58,798.812,0
3550.58,1522.34,0
4017.94,4843.42,0
4198.27,2654.11,0
2075.52,328.742,0
5048.78,765.61,0
1639.13,385.355,0
3798.01,1710.86,0
5293.67,3792.34,0
1046.29,3025.52,0
445.947,4297.59,0
1265.86,134.926,0
750.651,4826.15,0
5860.82,5950.05,0
5385.4,565.813,0
5448.81,1124.61,0
1350.63,160.881,0
1797.42,1548.66,0
3228.54,107.403,0
984.257,1440.31,0
3327.91,4775.04,0
2074.71,304.63,0
719.846,5939.81,0
5252.78,752.634,0
2631.48,3623.45,0
1942.59,1154.07,0
2102.09,795.188,0
656.822,2237.78,0
5509.45,2370.62,0
3499.1,4351.95,0
5349.43,5773.57,0
2205.57,5854.75,0
2333.39,4336.43,0
5612.56,1951.51,0
695.865,5816.77,0
2701.02,5490.1,0
3001.57,594.374,0
1859.92,1210.34,0
5643.27,705.327,0
210.433,4435.64,0
377.513,4493.36,0
2616.65,4029.08,0
465.913,4242.02,0
1258.21,2975.15,0
844.979,3376.15,0
2519.73,1287.96,0
2107.81,3005.86,0
2219.49,3015.28,0
1670.39,3187.25,0
1705.52,2755.16,0
4962.65,3917.73,0
5623.81,746.36,0
3691.15,5647.07,0
2211.48,4633.88,0
350.902,3428.88,0
5682.22,437.022,0
1021.52,5342.21,0
2724.21,1166.2,0
5238.55,2548.86,0
4542.24,1886.42,0
2158.3,2499.5,0
1118.23,3548.61,0
659.296,5741.06,0
5231.8,4971.05,0
4297.7,5921.81,0
5894.99,4117.96,0
119.833,5366.26,0
3914.35,979.78,0
2722.43,2173.56,0
2769.92,5686.02,0
2134.9,3442.32,0
937.591,5638.4,0
4014.36,106.451,0
1480.66,1288.87,0
559.288,3026.86,0
753.047,144.252,0
5148.35,5918.38,0
794.314,836.446,0
569.064,1960.09,0
2826.31,35.6149,0
5337.84,1810.66,0
864.494,5343.07,0
1503.23,1238.45,0
430.174,2700.24,0
795.81,3983.77,0
665.356,5399.3,0
5199.67,4303.43,0
4822.13,3184.26,0
1381.94,64.0484,0
5458.95,4433.9,0
4346.19,5448.98,0
3228.44,24.1538,0
1156.65,5485.72,0
4707,426.541,0
4409.14,247.175,0
1331.89,2457.45,0
4884.32,5216.75,0
4441.92,3084.15,0
1759.53,2629.09,0
3693.57,3926.72,0
2938.04,3820.85,0
5875.73,4366.08,0
1669.57,5081.25,0
2807.67,4170.41,0
2829.83,2656.31,0
1327.06,1214.86,0
2777.9,3295.33,0
4861.91,4213.19,0
742.624,5134.87,0
1971.47,4437.51,0
2492.3,1852.93,0
981.995,1555.75,0
1737.59,3118.05,0
4916.95,4524.88,0
4653.04,638.586,0
3366.63,1979.43,0
272.864,128.225,0
556.768,3732.52,0
233.419,3729.58,0
1018.81,1830.71,0
1871.99,2497.2,0
1017.12,2175.6,0
3808.66,3709.37,0
3463.56,901.639,0
4691.47,1940.33,0
2512.99,3657.38,0
3387.95,5447.2,0
4414.62,5437.64,0
5838.78,3244.02,0
15.6397,5704.66,0
2716.56,5518.39,0
1377.01,3171.15,0
