5454.84,1870.68,0,-2.68665,4
3304.59,2167.36,0,-4.62516,5
2273.08,629.86,0,-4.59898,7
4943.2,3926.29,0,-2.8821,9
678.773,2832.61,0,-2.60607,15
3193.81,2782.12,0,-7.2965,23
3238.71,4577.81,0,-1.87454,26
5215.27,2002.9,0,-1.79131,30
1019.07,5160.44,0,-18.2915,31
2982.15,632.147,0,-0.156327,32
3449.47,2378.83,0,-11.3209,33
704.985,4540.3,0,-2.62278,37
3336.42,5165.55,0,-5.20117,41
3946.13,4749.78,0,-13.9556,46
2593.92,4780.64,0,-5.99889,48
984.157,815.677,0,-15.0666,49
776.964,1864.01,0,-10.496,51
2441.86,467.871,0,-0.851071,55
344.58,798.812,0,-1.95427,56
3550.58,1522.34,0,-1.64437,61
4017.94,4843.42,0,-5.91355,62
4198.27,2654.11,0,-5.12666,67
2075.52,328.742,0,-6.56444,69
5048.78,765.61,0,-11.0557,70
1639.13,385.355,0,-10.6163,73
3798.01,1710.86,0,-0.185651,74
5293.67,3792.34,0,-4.94333,76
1046.29,3025.52,0,-7.7526,79
445.947,4297.59,0,-8.40952,81
1265.86,134.926,0,-9.2526,82
750.651,4826.15,0,-9.50548,83
5860.82,5950.05,0,-15.6376,87
5385.4,565.813,0,-0.924589,91
5448.81,1124.61,0,-3.94377,92
1350.63,160.881,0,-0.600914,95
1797.42,1548.66,0,-1.79658,98
3228.54,107.403,0,-1.11518,102
984.257,1440.31,0,-3.5883,104
3327.91,4775.04,0,-2.842,105
2074.71,304.63,0,-2.37256,110
719.846,5939.81,0,-1.29669,113
5252.78,752.634,0,-6.10867,114
2631.48,3623.45,0,-14.691,119
1942.59,1154.07,0,-10.1354,120
2102.09,795.188,0,-10.2479,122
656.822,2237.78,0,-6.6354,123
5509.45,2370.62,0,-3.96075,129
3499.1,4351.95,0,-7.64157,144
5349.43,5773.57,0,-11.5026,148
2205.57,5854.75,0,-4.52856,149
