0 1 0
0 2 0
0 3 0
0 4 0
0 5 0
0 6 0
0 7 0
0 8 0
0 9 0
0 10 0
0 11 0
0 12 0
0 13 0
0 14 0
0 15 0
0 16 0
0 17 0
0 18 5
0 19 4
0 20 4
0 21 4
0 22 4
0 23 4
0 24 3
0 25 3
0 26 3
0 27 3
0 28 6
0 29 6
0 30 6
0 31 9
0 32 8
0 33 8
0 34 8
0 35 8
0 36 7
0 37 7
0 38 10
0 39 9
0 40 9
0 41 9
0 42 9
0 43 8
0 44 8
0 45 8
0 46 8
0 47 8
0 48 8
0 49 7
0 50 9
0 51 9
0 52 9
0 53 10
0 54 10
0 55 10
0 56 10
0 57 11
0 58 11
0 59 11
0 60 11
0 61 11
0 62 10
0 63 10
0 64 10
0 65 10
0 66 10
0 67 10
0 68 10
0 69 9
0 70 9
0 71 10
0 72 10
0 73 10
0 74 10
0 75 10
0 76 10
0 77 10
0 78 10
0 79 9
0 80 9
0 81 9
0 82 9
0 83 9
0 84 9
0 85 9
0 86 9
0 87 8
0 88 8
0 89 8
0 90 8
0 91 8
0 92 8
0 93 8
0 94 8
0 95 8
0 96 8
0 97 8
0 98 8
0 99 7
0 100 7
0 101 8
0 102 8
0 103 42
0 104 21
0 105 16
0 106 19
0 107 15
0 108 14
0 109 18
0 110 17
0 111 15
0 112 13
0 113 13
0 114 14
0 115 13
0 116 13
0 117 12
0 118 11
0 119 10
0 120 10
0 121 12
0 122 11
0 123 13
0 124 13
0 125 13
0 126 13
0 127 12
0 128 12
0 129 12
0 130 12
0 131 13
0 132 13
0 133 14
0 134 15
0 135 15
0 136 15
0 137 15
0 138 16
0 139 17
0 140 17
0 141 18
0 142 19
0 143 19
0 144 20
0 145 21
0 146 21
0 147 21
0 148 21
0 149 21
0 150 21
0 151 21
0 152 20
0 153 20
0 154 20
0 155 19
0 156 19
0 157 19
0 158 19
0 159 19
0 160 19
0 161 18
0 162 18
0 163 18
0 164 19
0 165 19
0 166 19
0 167 19
0 168 18
0 169 18
0 170 18
0 171 18
0 172 18
0 173 17
0 174 18
0 175 18
0 176 17
0 177 17
0 178 17
0 179 17
0 180 17
0 181 17
0 182 17
0 183 17
0 184 16
0 185 16
0 186 16
0 187 16
0 188 16
0 189 16
0 190 16
0 191 16
0 192 16
0 193 16
0 194 16
0 195 16
0 196 15
1 1 15
1 2 15
1 3 15
1 4 15
1 5 15
1 6 15
1 7 15
1 8 15
1 9 15
1 10 15
1 11 15
1 12 15
1 13 15
1 14 15
1 15 15
1 16 15
1 17 15
1 18 15
1 19 15
1 20 15
1 21 15
1 22 15
1 23 15
1 24 15
1 25 15
1 26 15
1 27 15
1 28 15
1 29 15
1 30 15
1 31 15
1 32 15
1 33 15
1 34 15
1 35 15
1 36 15
1 37 15
1 38 15
1 39 15
1 40 15
1 41 15
1 42 15
1 43 15
1 44 15
1 45 15
1 46 15
1 47 15
1 48 15
1 49 15
1 50 15
1 51 15
1 52 15
1 53 15
1 54 15
1 55 15
1 56 15
1 57 15
1 58 15
1 59 15
1 60 15
1 61 15
1 62 15
1 63 15
1 64 15
1 65 15
1 66 15
1 67 15
1 68 15
1 69 15
1 70 15
1 71 15
1 72 15
1 73 15
1 74 15
1 75 15
1 76 15
1 77 15
1 78 15
1 79 15
1 80 15
1 81 15
1 82 15
1 83 15
1 84 15
1 85 15
1 86 15
1 87 15
1 88 15
1 89 15
1 90 15
1 91 15
1 92 15
1 93 15
1 94 15
1 95 15
1 96 15
1 97 15
1 98 15
1 99 15
1 100 15
1 101 15
1 102 15
1 103 15
1 104 16
1 105 16
1 106 16
1 107 16
1 108 16
1 109 16
1 110 16
1 111 17
1 112 17
1 113 16
1 114 17
1 115 17
1 116 17
1 117 17
1 118 17
1 119 17
1 120 17
1 121 17
1 122 17
1 123 17
1 124 17
1 125 17
1 126 17
1 127 17
1 128 17
1 129 17
1 130 17
1 131 17
1 132 17
1 133 17
1 134 17
1 135 17
1 136 17
1 137 16
1 138 17
1 139 17
1 140 16
1 141 17
1 142 17
1 143 17
1 144 17
1 145 17
1 146 17
1 147 17
1 148 16
1 149 16
1 150 16
1 151 16
1 152 16
1 153 16
1 154 16
1 155 16
1 156 16
1 157 16
1 158 16
1 159 16
1 160 16
1 161 16
1 162 15
1 163 15
1 164 15
1 165 15
1 166 15
1 167 15
1 168 15
1 169 16
1 170 15
1 171 15
1 172 15
1 173 15
1 174 15
1 175 15
1 176 15
1 177 15
1 178 15
1 179 15
1 180 15
1 181 16
1 182 15
1 183 16
1 184 15
1 185 16
1 186 16
1 187 16
1 188 16
1 189 16
1 190 16
1 191 16
1 192 16
1 193 16
2 1 16
2 2 16
2 3 16
2 4 16
2 5 16
2 6 16
2 7 16
2 8 16
2 9 16
2 10 16
2 11 16
2 12 16
2 13 16
2 14 16
2 15 16
2 16 16
2 17 16
2 18 16
2 19 16
2 20 16
2 21 16
2 22 16
2 23 16
2 24 16
2 25 16
2 26 16
2 27 16
2 28 16
2 29 16
2 30 16
2 31 16
2 32 16
2 33 16
2 34 16
2 35 16
2 36 16
2 37 16
2 38 16
2 39 16
2 40 16
2 41 16
2 42 16
2 43 16
2 44 16
2 45 16
2 46 16
2 47 16
2 48 16
2 49 16
2 50 16
2 51 16
2 52 16
2 53 16
2 54 16
2 55 16
2 56 16
2 57 16
2 58 16
2 59 16
2 60 16
2 61 16
2 62 16
2 63 16
2 64 16
2 65 16
2 66 16
2 67 16
2 68 16
2 69 16
2 70 16
2 71 16
2 72 16
2 73 16
2 74 16
2 75 16
2 76 16
2 77 16
2 78 16
2 79 16
2 80 16
2 81 16
2 82 16
2 83 16
2 84 16
2 85 16
2 86 16
2 87 16
2 88 16
2 89 16
2 90 16
2 91 16
2 92 16
2 93 16
2 94 16
2 95 16
2 96 16
2 97 16
2 98 16
2 99 16
2 100 16
2 101 16
2 102 16
2 103 16
2 104 16
2 105 16
2 106 16
2 107 16
2 108 16
2 109 16
2 110 16
2 111 16
2 112 16
2 113 16
2 114 16
2 115 16
2 116 16
2 117 16
2 118 16
2 119 16
2 120 16
2 121 16
2 122 16
2 123 16
2 124 16
2 125 16
2 126 16
2 127 16
2 128 16
2 129 16
2 130 16
2 131 16
2 132 16
2 133 16
2 134 16
2 135 16
2 136 16
2 137 16
2 138 16
2 139 16
2 140 16
2 141 16
2 142 16
2 143 16
2 144 16
2 145 16
2 146 16
2 147 16
2 148 16
2 149 16
2 150 16
2 151 16
2 152 16
2 153 16
2 154 16
2 155 16
2 156 16
2 157 16
2 158 16
2 159 16
2 160 16
2 161 16
2 162 16
2 163 16
2 164 16
2 165 16
2 166 16
2 167 16
2 168 16
2 169 16
2 170 16
2 171 16
2 172 16
2 173 16
2 174 16
2 175 17
2 176 17
2 177 16
2 178 16
2 179 16
2 180 16
2 181 16
2 182 16
2 183 16
2 184 16
2 185 16
2 186 16
2 187 16
2 188 16
2 189 16
3 1 16
3 2 16
3 3 16
3 4 16
3 5 16
3 6 16
3 7 16
3 8 16
3 9 16
3 10 16
3 11 16
3 12 16
3 13 16
3 14 16
3 15 16
3 16 16
3 17 16
3 18 16
3 19 16
3 20 16
3 21 16
3 22 16
3 23 16
3 24 16
3 25 16
3 26 16
3 27 16
3 28 16
3 29 16
3 30 16
3 31 16
3 32 16
3 33 16
3 34 16
3 35 16
3 36 16
3 37 16
3 38 16
3 39 16
3 40 16
3 41 16
3 42 16
3 43 16
3 44 16
3 45 16
3 46 16
3 47 16
3 48 16
3 49 16
3 50 16
3 51 16
3 52 16
3 53 16
3 54 16
3 55 16
3 56 16
3 57 16
3 58 16
3 59 16
3 60 16
3 61 16
3 62 16
3 63 16
3 64 16
3 65 16
3 66 16
3 67 16
3 68 16
3 69 16
3 70 16
3 71 16
3 72 16
3 73 16
3 74 16
3 75 16
3 76 16
3 77 16
3 78 16
3 79 16
3 80 16
3 81 16
3 82 16
3 83 16
3 84 16
3 85 16
3 86 16
3 87 16
3 88 16
3 89 16
3 90 16
3 91 16
3 92 16
3 93 16
3 94 16
3 95 16
3 96 16
3 97 16
3 98 16
3 99 16
3 100 16
3 101 16
3 102 16
3 103 16
3 104 16
3 105 16
3 106 16
3 107 16
3 108 16
3 109 16
3 110 16
3 111 16
3 112 16
3 113 16
3 114 16
3 115 16
3 116 16
3 117 16
3 118 16
3 119 16
3 120 17
3 121 17
3 122 17
3 123 17
3 124 17
3 125 16
3 126 16
3 127 16
3 128 16
3 129 17
3 130 17
3 131 17
3 132 17
3 133 17
3 134 17
3 135 17
3 136 17
3 137 17
3 138 17
3 139 17
3 140 17
3 141 17
3 142 17
3 143 17
3 144 17
3 145 17
3 146 17
3 147 17
3 148 17
3 149 17
3 150 17
3 151 17
3 152 17
3 153 17
3 154 17
3 155 17
3 156 17
3 157 17
3 158 17
3 159 17
3 160 17
3 161 17
3 162 17
3 163 17
3 164 17
3 165 17
3 166 17
3 167 17
3 168 17
3 169 17
3 170 17
3 171 17
3 172 17
3 173 17
3 174 17
3 175 17
3 176 17
3 177 17
3 178 17
3 179 17
3 180 17
3 181 17
3 182 17
3 183 17
3 184 17
3 185 17
3 186 17
3 187 17
3 188 16
3 189 16
3 190 16
3 191 16
3 192 16
3 193 16
3 194 16
4 1 16
4 2 16
4 3 16
4 4 16
4 5 16
4 6 16
4 7 16
4 8 16
4 9 16
4 10 16
4 11 16
4 12 16
4 13 16
4 14 16
4 15 16
4 16 16
4 17 16
4 18 16
4 19 16
4 20 16
4 21 16
4 22 16
4 23 16
4 24 16
4 25 16
4 26 16
4 27 16
4 28 16
4 29 16
4 30 16
4 31 16
4 32 16
4 33 16
4 34 16
4 35 16
4 36 16
4 37 16
4 38 16
4 39 16
4 40 16
4 41 16
4 42 16
4 43 16
4 44 16
4 45 16
4 46 16
4 47 16
4 48 16
4 49 16
4 50 16
4 51 16
4 52 16
4 53 16
4 54 16
4 55 16
4 56 16
4 57 16
4 58 16
4 59 16
4 60 16
4 61 16
4 62 16
4 63 16
4 64 16
4 65 16
4 66 16
4 67 16
4 68 16
4 69 16
4 70 16
4 71 16
4 72 16
4 73 16
4 74 16
4 75 16
4 76 16
4 77 16
4 78 16
4 79 16
4 80 16
4 81 16
4 82 16
4 83 16
4 84 16
4 85 16
4 86 16
4 87 16
4 88 16
4 89 16
4 90 16
4 91 16
4 92 16
4 93 16
4 94 16
4 95 16
4 96 16
4 97 16
4 98 16
4 99 16
4 100 16
4 101 16
4 102 16
4 103 16
4 104 16
4 105 16
4 106 16
4 107 16
4 108 16
4 109 16
4 110 16
4 111 16
4 112 16
4 113 16
4 114 16
4 115 16
4 116 16
4 117 16
4 118 16
4 119 16
4 120 16
4 121 16
4 122 16
4 123 16
4 124 16
4 125 16
4 126 16
4 127 16
4 128 16
4 129 16
4 130 16
4 131 16
4 132 16
4 133 16
4 134 16
4 135 16
4 136 16
4 137 16
4 138 16
4 139 16
4 140 16
4 141 16
4 142 16
4 143 16
4 144 16
4 145 16
4 146 16
4 147 16
4 148 16
4 149 16
4 150 16
4 151 16
4 152 16
4 153 16
4 154 16
4 155 16
4 156 16
4 157 16
4 158 16
4 159 16
4 160 16
4 161 16
4 162 16
4 163 16
4 164 16
4 165 16
4 166 16
4 167 16
4 168 16
4 169 16
4 170 16
4 171 16
4 172 16
4 173 16
4 174 16
4 175 16
4 176 16
4 177 16
4 178 16
4 179 16
4 180 16
4 181 16
4 182 16
4 183 16
4 184 16
4 185 16
4 186 16
4 187 16
4 188 16
4 189 16
4 190 16
4 191 16
4 192 16
4 193 16
4 194 16
5 1 16
5 2 16
5 3 16
5 4 16
5 5 16
5 6 16
5 7 16
5 8 16
5 9 16
5 10 16
5 11 16
5 12 16
5 13 16
5 14 16
5 15 16
5 16 16
5 17 16
5 18 16
5 19 16
5 20 16
5 21 16
5 22 16
5 23 16
5 24 16
5 25 16
5 26 16
5 27 16
5 28 16
5 29 16
5 30 16
5 31 16
5 32 16
5 33 16
5 34 16
5 35 16
5 36 16
5 37 16
5 38 16
5 39 16
5 40 16
5 41 16
5 42 16
5 43 16
5 44 16
5 45 16
5 46 16
5 47 16
5 48 16
5 49 16
5 50 16
5 51 16
5 52 16
5 53 16
5 54 16
5 55 16
5 56 16
5 57 16
5 58 16
5 59 16
5 60 16
5 61 16
5 62 16
5 63 16
5 64 16
5 65 16
5 66 16
5 67 16
5 68 16
5 69 16
5 70 16
5 71 16
5 72 16
5 73 16
5 74 16
5 75 16
5 76 16
5 77 16
5 78 16
5 79 16
5 80 16
5 81 16
5 82 16
5 83 16
5 84 16
5 85 16
5 86 16
5 87 16
5 88 16
5 89 16
5 90 16
5 91 16
5 92 16
5 93 16
5 94 16
5 95 16
5 96 16
5 97 16
5 98 16
5 99 16
5 100 16
5 101 16
5 102 16
5 103 16
5 104 16
5 105 16
5 106 16
5 107 16
5 108 16
5 109 16
5 110 16
5 111 16
5 112 16
5 113 16
5 114 16
5 115 16
5 116 16
5 117 16
5 118 16
5 119 16
5 120 16
5 121 16
5 122 16
5 123 16
5 124 16
5 125 16
5 126 16
5 127 16
5 128 16
5 129 16
5 130 16
5 131 16
5 132 16
5 133 16
5 134 16
5 135 16
5 136 16
5 137 16
5 138 16
5 139 16
5 140 16
5 141 16
5 142 16
5 143 16
5 144 16
5 145 16
5 146 16
5 147 16
5 148 16
5 149 16
5 150 16
5 151 16
5 152 16
5 153 16
5 154 16
5 155 16
5 156 16
5 157 16
5 158 16
5 159 16
5 160 16
5 161 16
5 162 16
5 163 16
5 164 16
5 165 16
5 166 16
5 167 16
5 168 16
5 169 16
5 170 16
5 171 16
5 172 16
5 173 16
5 174 16
5 175 16
5 176 16
5 177 16
5 178 16
5 179 16
5 180 16
5 181 16
5 182 16
5 183 16
5 184 16
5 185 16
5 186 16
5 187 16
5 188 16
6 1 16
6 2 16
6 3 16
6 4 16
6 5 16
6 6 16
6 7 16
6 8 16
6 9 16
6 10 16
6 11 16
6 12 16
6 13 16
6 14 16
6 15 16
6 16 16
6 17 16
6 18 16
6 19 16
6 20 16
6 21 16
6 22 16
6 23 16
6 24 16
6 25 16
6 26 16
6 27 16
6 28 16
6 29 16
6 30 16
6 31 16
6 32 16
6 33 16
6 34 16
6 35 16
6 36 16
6 37 16
6 38 16
6 39 16
6 40 16
6 41 16
6 42 16
6 43 16
6 44 16
6 45 16
6 46 16
6 47 16
6 48 16
6 49 16
6 50 16
6 51 16
6 52 16
6 53 16
6 54 16
6 55 16
6 56 16
6 57 16
6 58 16
6 59 16
6 60 16
6 61 16
6 62 16
6 63 16
6 64 16
6 65 16
6 66 16
6 67 16
6 68 16
6 69 16
6 70 16
6 71 16
6 72 16
6 73 16
6 74 16
6 75 16
6 76 16
6 77 16
6 78 16
6 79 16
6 80 16
6 81 16
6 82 16
6 83 16
6 84 16
6 85 16
6 86 16
6 87 16
6 88 16
6 89 16
6 90 16
6 91 16
6 92 16
6 93 16
6 94 16
6 95 16
6 96 16
6 97 16
6 98 16
6 99 16
6 100 16
6 101 16
6 102 16
6 103 16
6 104 16
6 105 16
6 106 16
6 107 16
6 108 16
6 109 16
6 110 16
6 111 16
6 112 16
6 113 16
6 114 16
6 115 16
6 116 16
6 117 16
6 118 16
6 119 16
6 120 16
6 121 16
6 122 16
6 123 16
6 124 16
6 125 16
6 126 16
6 127 16
6 128 16
6 129 16
6 130 16
6 131 16
6 132 16
6 133 16
6 134 16
6 135 16
6 136 16
6 137 16
6 138 16
6 139 16
6 140 16
6 141 16
6 142 16
6 143 16
6 144 16
6 145 16
6 146 16
6 147 16
6 148 16
6 149 16
6 150 16
6 151 16
6 152 16
6 153 16
6 154 16
6 155 16
6 156 16
6 157 16
6 158 16
6 159 16
6 160 16
6 161 16
6 162 16
6 163 16
6 164 16
6 165 16
6 166 16
6 167 16
6 168 16
6 169 16
6 170 16
6 171 16
6 172 16
6 173 16
6 174 16
6 175 16
6 176 16
6 177 16
6 178 16
6 179 16
6 180 16
6 181 16
6 182 16
6 183 16
6 184 16
6 185 16
6 186 16
6 187 16
6 188 16
6 189 16
6 190 16
6 191 16
6 192 16
7 1 16
7 2 16
7 3 16
7 4 16
7 5 16
7 6 16
7 7 16
7 8 16
7 9 16
7 10 16
7 11 16
7 12 16
7 13 16
7 14 16
7 15 16
7 16 16
7 17 16
7 18 16
7 19 16
7 20 16
7 21 16
7 22 16
7 23 16
7 24 16
7 25 16
7 26 16
7 27 16
7 28 16
7 29 16
7 30 16
7 31 16
7 32 16
7 33 16
7 34 16
7 35 16
7 36 16
7 37 16
7 38 16
7 39 16
7 40 16
7 41 16
7 42 16
7 43 16
7 44 16
7 45 16
7 46 16
7 47 16
7 48 16
7 49 16
7 50 16
7 51 16
7 52 16
7 53 16
7 54 16
7 55 16
7 56 16
7 57 16
7 58 16
7 59 16
7 60 16
7 61 16
7 62 16
7 63 16
7 64 16
7 65 16
7 66 16
7 67 16
7 68 16
7 69 16
7 70 16
7 71 16
7 72 16
7 73 16
7 74 16
7 75 16
7 76 16
7 77 16
7 78 16
7 79 16
7 80 16
7 81 16
7 82 16
7 83 16
7 84 16
7 85 16
7 86 16
7 87 16
7 88 16
7 89 16
7 90 16
7 91 16
7 92 16
7 93 16
7 94 16
7 95 16
7 96 16
7 97 16
7 98 16
7 99 16
7 100 16
7 101 16
7 102 16
7 103 16
7 104 16
7 105 16
7 106 16
7 107 16
7 108 16
7 109 16
7 110 16
7 111 16
7 112 16
7 113 16
7 114 16
7 115 16
7 116 16
7 117 16
7 118 16
7 119 16
7 120 16
7 121 16
7 122 16
7 123 16
7 124 16
7 125 16
7 126 16
7 127 16
7 128 16
7 129 16
7 130 16
7 131 16
7 132 16
7 133 16
7 134 16
7 135 16
7 136 16
7 137 16
7 138 16
7 139 16
7 140 16
7 141 16
7 142 16
7 143 16
7 144 16
7 145 16
7 146 16
7 147 16
7 148 16
7 149 16
7 150 16
7 151 16
7 152 16
7 153 16
7 154 16
7 155 16
7 156 16
7 157 16
7 158 16
7 159 16
7 160 16
7 161 16
7 162 16
7 163 16
7 164 16
7 165 16
7 166 16
7 167 16
7 168 16
7 169 16
7 170 16
7 171 16
7 172 16
7 173 16
7 174 16
7 175 16
7 176 16
7 177 16
7 178 16
7 179 16
7 180 16
7 181 16
7 182 16
7 183 16
7 184 16
7 185 16
8 1 16
8 2 16
8 3 16
8 4 16
8 5 16
8 6 16
8 7 16
8 8 16
8 9 16
8 10 16
8 11 16
8 12 16
8 13 16
8 14 16
8 15 16
8 16 16
8 17 16
8 18 16
8 19 16
8 20 16
8 21 16
8 22 16
8 23 16
8 24 16
8 25 16
8 26 16
8 27 16
8 28 16
8 29 16
8 30 16
8 31 16
8 32 16
8 33 16
8 34 16
8 35 16
8 36 16
8 37 16
8 38 16
8 39 16
8 40 16
8 41 16
8 42 16
8 43 16
8 44 16
8 45 16
8 46 16
8 47 16
8 48 16
8 49 16
8 50 16
8 51 16
8 52 16
8 53 16
8 54 16
8 55 16
8 56 16
8 57 16
8 58 16
8 59 16
8 60 16
8 61 16
8 62 16
8 63 16
8 64 16
8 65 16
8 66 16
8 67 16
8 68 16
8 69 16
8 70 16
8 71 16
8 72 16
8 73 16
8 74 16
8 75 16
8 76 16
8 77 16
8 78 16
8 79 16
8 80 16
8 81 16
8 82 16
8 83 16
8 84 16
8 85 16
8 86 16
8 87 16
8 88 16
8 89 16
8 90 16
8 91 16
8 92 16
8 93 16
8 94 16
8 95 16
8 96 16
8 97 16
8 98 16
8 99 16
8 100 16
8 101 16
8 102 16
8 103 16
8 104 16
8 105 16
8 106 16
8 107 16
8 108 16
8 109 16
8 110 16
8 111 16
8 112 16
8 113 16
8 114 16
8 115 16
8 116 16
8 117 16
8 118 16
8 119 16
8 120 16
8 121 16
8 122 16
8 123 16
8 124 16
8 125 16
8 126 16
8 127 16
8 128 16
8 129 16
8 130 16
8 131 16
8 132 16
8 133 16
8 134 16
8 135 16
8 136 16
8 137 16
8 138 16
8 139 16
8 140 16
8 141 16
8 142 16
8 143 16
8 144 16
8 145 16
8 146 16
8 147 16
8 148 16
8 149 16
8 150 16
8 151 16
8 152 16
8 153 16
8 154 16
8 155 16
8 156 16
8 157 16
8 158 16
8 159 16
8 160 16
8 161 16
8 162 16
8 163 16
8 164 16
8 165 16
8 166 16
8 167 16
8 168 16
8 169 16
8 170 16
8 171 16
8 172 16
8 173 16
8 174 16
8 175 16
8 176 16
8 177 16
8 178 16
8 179 16
8 180 16
8 181 16
8 182 16
8 183 16
8 184 16
8 185 16
8 186 16
8 187 16
8 188 16
8 189 16
8 190 16
8 191 16
8 192 16
9 1 16
9 2 16
9 3 16
9 4 16
9 5 16
9 6 16
9 7 16
9 8 16
9 9 16
9 10 16
9 11 16
9 12 16
9 13 16
9 14 16
9 15 16
9 16 16
9 17 16
9 18 16
9 19 16
9 20 16
9 21 16
9 22 16
9 23 16
9 24 16
9 25 16
9 26 16
9 27 16
9 28 16
9 29 16
9 30 16
9 31 16
9 32 16
9 33 16
9 34 16
9 35 16
9 36 16
9 37 16
9 38 16
9 39 16
9 40 16
9 41 16
9 42 16
9 43 16
9 44 16
9 45 16
9 46 16
9 47 16
9 48 16
9 49 16
9 50 16
9 51 16
9 52 16
9 53 16
9 54 16
9 55 16
9 56 16
9 57 16
9 58 16
9 59 16
9 60 16
9 61 16
9 62 16
9 63 16
9 64 16
9 65 16
9 66 16
9 67 16
9 68 16
9 69 16
9 70 16
9 71 16
9 72 16
9 73 16
9 74 16
9 75 16
9 76 16
9 77 16
9 78 16
9 79 16
9 80 16
9 81 16
9 82 16
9 83 16
9 84 16
9 85 16
9 86 16
9 87 16
9 88 16
9 89 16
9 90 16
9 91 16
9 92 16
9 93 16
9 94 16
9 95 16
9 96 16
9 97 16
9 98 16
9 99 16
9 100 16
9 101 16
9 102 16
9 103 16
9 104 16
9 105 16
9 106 16
9 107 16
9 108 16
9 109 16
9 110 16
9 111 16
9 112 16
9 113 16
9 114 16
9 115 16
9 116 16
9 117 16
9 118 16
9 119 16
9 120 16
9 121 16
9 122 16
9 123 16
9 124 16
9 125 16
9 126 16
9 127 16
9 128 16
9 129 16
9 130 16
9 131 16
9 132 16
9 133 16
9 134 16
9 135 16
9 136 16
9 137 16
9 138 16
9 139 16
9 140 16
9 141 16
9 142 16
9 143 16
9 144 16
9 145 16
9 146 16
9 147 16
9 148 16
9 149 16
9 150 16
9 151 16
9 152 16
9 153 16
9 154 16
9 155 16
9 156 16
9 157 16
9 158 16
9 159 16
9 160 16
9 161 16
9 162 16
9 163 16
9 164 16
9 165 16
9 166 16
9 167 16
9 168 16
9 169 16
9 170 16
9 171 16
9 172 16
9 173 16
9 174 16
9 175 16
9 176 16
9 177 16
9 178 16
9 179 16
9 180 16
9 181 16
9 182 16
9 183 16
9 184 16
9 185 16
9 186 16
9 187 16
9 188 16
9 189 16
9 190 16
9 191 16
9 192 16
9 193 16
9 194 16
9 195 16
9 196 16
10 1 16
10 2 16
10 3 16
10 4 16
10 5 16
10 6 16
10 7 16
10 8 16
10 9 16
10 10 16
10 11 16
10 12 16
10 13 16
10 14 16
10 15 16
10 16 16
10 17 16
10 18 16
10 19 16
10 20 16
10 21 16
10 22 16
10 23 16
10 24 16
10 25 16
10 26 16
10 27 16
10 28 16
10 29 16
10 30 16
10 31 16
10 32 16
10 33 16
10 34 16
10 35 16
10 36 16
10 37 16
10 38 16
10 39 16
10 40 16
10 41 16
10 42 16
10 43 16
10 44 16
10 45 16
10 46 16
10 47 16
10 48 16
10 49 16
10 50 16
10 51 16
10 52 16
10 53 16
10 54 16
10 55 16
10 56 16
10 57 16
10 58 16
10 59 16
10 60 16
10 61 16
10 62 16
10 63 16
10 64 16
10 65 16
10 66 16
10 67 16
10 68 16
10 69 16
10 70 16
10 71 16
10 72 16
10 73 16
10 74 16
10 75 16
10 76 16
10 77 16
10 78 16
10 79 16
10 80 16
10 81 16
10 82 16
10 83 16
10 84 16
10 85 16
10 86 16
10 87 16
10 88 16
10 89 16
10 90 16
10 91 16
10 92 16
10 93 16
10 94 16
10 95 16
10 96 16
10 97 16
10 98 16
10 99 16
10 100 16
10 101 16
10 102 16
10 103 16
10 104 16
10 105 16
10 106 16
10 107 16
10 108 16
10 109 16
10 110 16
10 111 16
10 112 16
10 113 16
10 114 16
10 115 16
10 116 16
10 117 16
10 118 16
10 119 16
10 120 16
10 121 16
10 122 16
10 123 16
10 124 16
10 125 16
10 126 16
10 127 16
10 128 16
10 129 16
10 130 16
10 131 16
10 132 16
10 133 16
10 134 16
10 135 16
10 136 16
10 137 16
10 138 16
10 139 16
10 140 16
10 141 16
10 142 16
10 143 16
10 144 16
10 145 16
10 146 16
10 147 16
10 148 16
10 149 16
10 150 16
10 151 16
10 152 16
10 153 16
10 154 16
10 155 16
10 156 16
10 157 16
10 158 16
10 159 16
10 160 16
10 161 16
10 162 16
10 163 16
10 164 16
10 165 16
10 166 16
10 167 16
10 168 16
10 169 16
10 170 16
10 171 16
10 172 16
10 173 16
10 174 16
10 175 16
10 176 16
10 177 16
10 178 16
10 179 16
10 180 16
10 181 16
10 182 16
10 183 16
10 184 16
10 185 16
10 186 16
10 187 16
10 188 16
10 189 16
10 190 16
10 191 16
10 192 16
11 1 16
11 2 16
11 3 16
11 4 16
11 5 16
11 6 16
11 7 16
11 8 16
11 9 16
11 10 16
11 11 16
11 12 16
11 13 16
11 14 16
11 15 16
11 16 16
11 17 16
11 18 16
11 19 16
11 20 16
11 21 16
11 22 16
11 23 16
11 24 16
11 25 16
11 26 16
11 27 16
11 28 16
11 29 16
11 30 16
11 31 16
11 32 16
11 33 16
11 34 16
11 35 16
11 36 16
11 37 16
11 38 16
11 39 16
11 40 16
11 41 16
11 42 16
11 43 16
11 44 16
11 45 16
11 46 16
11 47 16
11 48 16
11 49 16
11 50 16
11 51 16
11 52 16
11 53 16
11 54 16
11 55 16
11 56 16
11 57 16
11 58 16
11 59 16
11 60 16
11 61 16
11 62 16
11 63 16
11 64 16
11 65 16
11 66 16
11 67 16
11 68 16
11 69 16
11 70 16
11 71 16
11 72 16
11 73 16
11 74 16
11 75 16
11 76 16
11 77 16
11 78 16
11 79 16
11 80 16
11 81 16
11 82 16
11 83 16
11 84 16
11 85 16
11 86 16
11 87 16
11 88 16
11 89 16
11 90 16
11 91 16
11 92 16
11 93 16
11 94 16
11 95 16
11 96 16
11 97 16
11 98 16
11 99 16
11 100 16
11 101 16
11 102 16
11 103 16
11 104 16
11 105 16
11 106 16
11 107 16
11 108 16
11 109 16
11 110 16
11 111 16
11 112 16
11 113 16
11 114 16
11 115 16
11 116 16
11 117 16
11 118 16
11 119 16
11 120 16
11 121 16
11 122 16
11 123 16
11 124 16
11 125 16
11 126 16
11 127 16
11 128 16
11 129 16
11 130 16
11 131 16
11 132 16
11 133 16
11 134 16
11 135 16
11 136 16
11 137 16
11 138 16
11 139 16
11 140 16
11 141 16
11 142 16
11 143 16
11 144 16
11 145 16
11 146 16
11 147 16
11 148 16
11 149 16
11 150 16
11 151 16
11 152 16
11 153 16
11 154 16
11 155 16
11 156 16
11 157 16
11 158 16
11 159 16
11 160 16
11 161 16
11 162 16
11 163 16
11 164 16
11 165 16
11 166 16
11 167 16
11 168 16
11 169 16
11 170 16
11 171 16
11 172 16
11 173 16
11 174 16
11 175 16
11 176 16
11 177 16
11 178 16
11 179 16
11 180 16
11 181 16
11 182 16
11 183 16
11 184 16
11 185 16
11 186 16
11 187 16
11 188 16
11 189 16
11 190 16
11 191 16
12 1 16
12 2 16
12 3 16
12 4 16
12 5 16
12 6 16
12 7 16
12 8 16
12 9 16
12 10 16
12 11 16
12 12 16
12 13 16
12 14 16
12 15 16
12 16 16
12 17 16
12 18 16
12 19 16
12 20 16
12 21 16
12 22 16
12 23 16
12 24 16
12 25 16
12 26 16
12 27 16
12 28 16
12 29 16
12 30 16
12 31 16
12 32 16
12 33 16
12 34 16
12 35 16
12 36 16
12 37 16
12 38 16
12 39 16
12 40 16
12 41 16
12 42 16
12 43 16
12 44 16
12 45 16
12 46 16
12 47 16
12 48 16
12 49 16
12 50 16
12 51 16
12 52 16
12 53 16
12 54 16
12 55 16
12 56 16
12 57 16
12 58 16
12 59 16
12 60 16
12 61 16
12 62 16
12 63 16
12 64 16
12 65 16
12 66 16
12 67 16
12 68 16
12 69 16
12 70 16
12 71 16
12 72 16
12 73 16
12 74 16
12 75 16
12 76 16
12 77 16
12 78 16
12 79 16
12 80 16
12 81 16
12 82 16
12 83 16
12 84 16
12 85 16
12 86 16
12 87 16
12 88 16
12 89 16
12 90 16
12 91 16
12 92 16
12 93 16
12 94 16
12 95 16
12 96 16
12 97 16
12 98 16
12 99 16
12 100 16
12 101 16
12 102 16
12 103 16
12 104 16
12 105 16
12 106 16
12 107 16
12 108 16
12 109 16
12 110 16
12 111 16
12 112 16
12 113 16
12 114 16
12 115 16
12 116 16
12 117 16
12 118 16
12 119 16
12 120 16
12 121 16
12 122 16
12 123 16
12 124 16
12 125 16
12 126 16
12 127 16
12 128 16
12 129 16
12 130 16
12 131 16
12 132 16
12 133 16
12 134 16
12 135 16
12 136 16
12 137 16
12 138 16
12 139 16
12 140 16
12 141 17
12 142 17
12 143 17
12 144 17
12 145 17
12 146 17
12 147 17
12 148 17
12 149 17
12 150 17
12 151 17
12 152 17
12 153 17
12 154 17
12 155 17
12 156 17
12 157 17
12 158 17
12 159 17
12 160 17
12 161 17
12 162 17
12 163 17
12 164 17
12 165 17
12 166 17
12 167 17
12 168 17
12 169 17
12 170 17
12 171 17
12 172 17
12 173 17
12 174 17
12 175 17
12 176 17
12 177 17
12 178 17
12 179 17
12 180 17
12 181 17
12 182 17
12 183 17
12 184 17
12 185 17
12 186 16
12 187 16
12 188 16
13 1 16
13 2 16
13 3 16
13 4 16
13 5 16
13 6 16
13 7 16
13 8 16
13 9 16
13 10 16
13 11 16
13 12 16
13 13 16
13 14 16
13 15 16
13 16 16
13 17 16
13 18 16
13 19 16
13 20 16
13 21 16
13 22 16
13 23 16
13 24 16
13 25 16
13 26 16
13 27 16
13 28 16
13 29 16
13 30 16
13 31 16
13 32 16
13 33 16
13 34 16
13 35 16
13 36 16
13 37 16
13 38 16
13 39 16
13 40 16
13 41 16
13 42 16
13 43 16
13 44 16
13 45 16
13 46 16
13 47 16
13 48 16
13 49 16
13 50 16
13 51 16
13 52 16
13 53 16
13 54 16
13 55 16
13 56 16
13 57 16
13 58 16
13 59 16
13 60 16
13 61 16
13 62 16
13 63 16
13 64 16
13 65 16
13 66 16
13 67 16
13 68 16
13 69 16
13 70 16
13 71 16
13 72 16
13 73 16
13 74 16
13 75 16
13 76 16
13 77 16
13 78 16
13 79 16
13 80 16
13 81 16
13 82 16
13 83 16
13 84 16
13 85 16
13 86 16
13 87 16
13 88 16
13 89 16
13 90 16
13 91 16
13 92 16
13 93 16
13 94 16
13 95 16
13 96 16
13 97 16
13 98 16
13 99 16
13 100 16
13 101 16
13 102 16
13 103 16
13 104 16
13 105 16
13 106 16
13 107 16
13 108 16
13 109 16
13 110 16
13 111 16
13 112 16
13 113 16
13 114 16
13 115 16
13 116 16
13 117 16
13 118 16
13 119 16
13 120 16
13 121 16
13 122 16
13 123 16
13 124 16
13 125 16
13 126 16
13 127 16
13 128 16
13 129 16
13 130 16
13 131 16
13 132 16
13 133 16
13 134 16
13 135 16
13 136 16
13 137 16
13 138 16
13 139 16
13 140 16
13 141 16
13 142 16
13 143 16
13 144 16
13 145 16
13 146 16
13 147 16
13 148 16
13 149 16
13 150 16
13 151 16
13 152 16
13 153 16
13 154 16
13 155 16
13 156 16
13 157 16
13 158 16
13 159 16
13 160 16
13 161 16
13 162 16
13 163 16
13 164 16
13 165 16
13 166 16
13 167 16
13 168 16
13 169 16
13 170 16
13 171 16
13 172 16
13 173 16
13 174 16
13 175 16
13 176 16
13 177 16
13 178 16
13 179 16
13 180 16
13 181 16
13 182 16
13 183 16
13 184 16
13 185 16
13 186 16
13 187 16
13 188 16
13 189 16
13 190 16
13 191 16
13 192 16
13 193 16
13 194 16
13 195 16
13 196 16
13 197 16
14 1 16
14 2 16
14 3 16
14 4 16
14 5 16
14 6 16
14 7 16
14 8 16
14 9 16
14 10 16
14 11 16
14 12 16
14 13 16
14 14 16
14 15 16
14 16 16
14 17 16
14 18 16
14 19 16
14 20 16
14 21 16
14 22 16
14 23 16
14 24 16
14 25 16
14 26 16
14 27 16
14 28 16
14 29 16
14 30 16
14 31 16
14 32 16
14 33 16
14 34 16
14 35 16
14 36 16
14 37 16
14 38 16
14 39 16
14 40 16
14 41 16
14 42 16
14 43 16
14 44 16
14 45 16
14 46 16
14 47 16
14 48 16
14 49 16
14 50 16
14 51 16
14 52 16
14 53 16
14 54 16
14 55 16
14 56 16
14 57 16
14 58 16
14 59 16
14 60 16
14 61 16
14 62 16
14 63 16
14 64 16
14 65 16
14 66 16
14 67 16
14 68 16
14 69 16
14 70 16
14 71 16
14 72 16
14 73 16
14 74 16
14 75 16
14 76 16
14 77 16
14 78 16
14 79 16
14 80 16
14 81 16
14 82 16
14 83 16
14 84 16
14 85 16
14 86 16
14 87 16
14 88 16
14 89 16
14 90 16
14 91 16
14 92 16
14 93 16
14 94 16
14 95 16
14 96 16
14 97 16
14 98 16
14 99 16
14 100 16
14 101 16
14 102 16
14 103 16
14 104 16
14 105 16
14 106 16
14 107 16
14 108 16
14 109 16
14 110 16
14 111 16
14 112 16
14 113 16
14 114 16
14 115 16
14 116 16
14 117 16
14 118 16
14 119 16
14 120 16
14 121 16
14 122 16
14 123 16
14 124 16
14 125 16
14 126 16
14 127 16
14 128 16
14 129 16
14 130 16
14 131 16
14 132 16
14 133 16
14 134 16
14 135 16
14 136 16
14 137 16
14 138 16
14 139 16
14 140 16
14 141 16
14 142 16
14 143 16
14 144 16
14 145 16
14 146 16
14 147 16
14 148 16
14 149 16
14 150 16
14 151 16
14 152 16
14 153 16
14 154 16
14 155 16
14 156 16
14 157 16
14 158 16
14 159 16
14 160 16
14 161 16
14 162 16
14 163 16
14 164 16
14 165 16
14 166 16
14 167 16
14 168 16
14 169 16
14 170 16
14 171 16
14 172 16
14 173 16
14 174 16
14 175 16
14 176 16
14 177 16
14 178 16
14 179 16
14 180 16
14 181 16
14 182 16
14 183 16
14 184 16
14 185 16
14 186 16
14 187 16
14 188 16
14 189 16
14 190 16
14 191 16
14 192 16
14 193 16
14 194 16
15 1 16
15 2 16
15 3 16
15 4 16
15 5 16
15 6 16
15 7 16
15 8 16
15 9 16
15 10 16
15 11 16
15 12 16
15 13 16
15 14 16
15 15 16
15 16 16
15 17 16
15 18 16
15 19 16
15 20 16
15 21 16
15 22 16
15 23 16
15 24 16
15 25 16
15 26 16
15 27 16
15 28 16
15 29 16
15 30 16
15 31 16
15 32 16
15 33 16
15 34 16
15 35 16
15 36 16
15 37 16
15 38 16
15 39 16
15 40 16
15 41 16
15 42 16
15 43 16
15 44 16
15 45 16
15 46 16
15 47 16
15 48 16
15 49 16
15 50 16
15 51 16
15 52 16
15 53 16
15 54 16
15 55 16
15 56 16
15 57 16
15 58 16
15 59 16
15 60 16
15 61 16
15 62 16
15 63 16
15 64 16
15 65 16
15 66 16
15 67 16
15 68 16
15 69 16
15 70 16
15 71 16
15 72 16
15 73 16
15 74 16
15 75 16
15 76 16
15 77 16
15 78 16
15 79 16
15 80 16
15 81 16
15 82 16
15 83 16
15 84 16
15 85 16
15 86 16
15 87 16
15 88 16
15 89 16
15 90 16
15 91 16
15 92 16
15 93 16
15 94 16
15 95 16
15 96 16
15 97 16
15 98 16
15 99 16
15 100 16
15 101 16
15 102 16
15 103 16
15 104 16
15 105 16
15 106 16
15 107 16
15 108 16
15 109 16
15 110 16
15 111 16
15 112 16
15 113 16
15 114 16
15 115 16
15 116 16
15 117 16
15 118 16
15 119 16
15 120 16
15 121 16
15 122 16
15 123 16
15 124 16
15 125 16
15 126 16
15 127 16
15 128 16
15 129 16
15 130 16
15 131 16
15 132 16
15 133 16
15 134 16
15 135 16
15 136 16
15 137 16
15 138 16
15 139 16
15 140 16
15 141 16
15 142 16
15 143 16
15 144 16
15 145 16
15 146 16
15 147 16
15 148 16
15 149 16
15 150 16
15 151 16
15 152 16
15 153 16
15 154 16
15 155 16
15 156 16
15 157 16
15 158 16
15 159 16
15 160 16
15 161 16
15 162 16
15 163 16
15 164 16
15 165 16
15 166 16
15 167 16
15 168 16
15 169 16
15 170 16
15 171 16
15 172 16
15 173 16
15 174 16
15 175 16
15 176 16
15 177 16
15 178 16
15 179 16
15 180 16
15 181 16
15 182 16
15 183 16
15 184 16
15 185 16
15 186 16
15 187 16
15 188 16
15 189 16
15 190 16
16 1 16
16 2 16
16 3 16
16 4 16
16 5 16
16 6 16
16 7 16
16 8 16
16 9 16
16 10 16
16 11 16
16 12 16
16 13 16
16 14 16
16 15 16
16 16 16
16 17 16
16 18 16
16 19 16
16 20 16
16 21 16
16 22 16
16 23 16
16 24 16
16 25 16
16 26 16
16 27 16
16 28 16
16 29 16
16 30 16
16 31 16
16 32 16
16 33 16
16 34 16
16 35 16
16 36 16
16 37 16
16 38 16
16 39 16
16 40 16
16 41 16
16 42 16
16 43 16
16 44 16
16 45 16
16 46 16
16 47 16
16 48 16
16 49 16
16 50 16
16 51 16
16 52 16
16 53 16
16 54 16
16 55 16
16 56 16
16 57 16
16 58 16
16 59 16
16 60 16
16 61 16
16 62 16
16 63 16
16 64 16
16 65 16
16 66 16
16 67 16
16 68 16
16 69 16
16 70 16
16 71 16
16 72 16
16 73 16
16 74 16
16 75 16
16 76 16
16 77 16
16 78 16
16 79 16
16 80 16
16 81 16
16 82 16
16 83 16
16 84 16
16 85 16
16 86 16
16 87 16
16 88 16
16 89 16
16 90 16
16 91 16
16 92 16
16 93 16
16 94 16
16 95 16
16 96 16
16 97 16
16 98 16
16 99 16
16 100 16
16 101 16
16 102 16
16 103 16
16 104 16
16 105 16
16 106 16
16 107 16
16 108 16
16 109 16
16 110 16
16 111 16
16 112 16
16 113 16
16 114 16
16 115 16
16 116 16
16 117 16
16 118 16
16 119 16
16 120 16
16 121 16
16 122 16
16 123 16
16 124 16
16 125 16
16 126 16
16 127 16
16 128 16
16 129 16
16 130 16
16 131 16
16 132 16
16 133 16
16 134 16
16 135 16
16 136 16
16 137 16
16 138 16
16 139 16
16 140 16
16 141 16
16 142 16
16 143 16
16 144 16
16 145 16
16 146 16
16 147 16
16 148 16
16 149 16
16 150 16
16 151 16
16 152 16
16 153 16
16 154 16
16 155 16
16 156 16
16 157 16
16 158 16
16 159 16
16 160 16
16 161 16
16 162 16
16 163 16
16 164 16
16 165 16
16 166 16
16 167 16
16 168 16
16 169 16
16 170 16
16 171 16
16 172 16
16 173 16
16 174 16
16 175 16
16 176 16
16 177 16
16 178 16
16 179 16
16 180 16
16 181 16
16 182 16
16 183 16
16 184 16
16 185 16
16 186 16
16 187 16
16 188 16
16 189 16
16 190 16
16 191 16
17 1 16
17 2 16
17 3 16
17 4 16
17 5 16
17 6 16
17 7 16
17 8 16
17 9 16
17 10 16
17 11 16
17 12 16
17 13 16
17 14 16
17 15 16
17 16 16
17 17 16
17 18 16
17 19 16
17 20 16
17 21 16
17 22 16
17 23 16
17 24 16
17 25 16
17 26 16
17 27 16
17 28 16
17 29 16
17 30 16
17 31 16
17 32 16
17 33 16
17 34 16
17 35 16
17 36 16
17 37 16
17 38 16
17 39 16
17 40 16
17 41 16
17 42 16
17 43 16
17 44 16
17 45 16
17 46 16
17 47 16
17 48 16
17 49 16
17 50 16
17 51 16
17 52 16
17 53 16
17 54 16
17 55 16
17 56 16
17 57 16
17 58 16
17 59 16
17 60 16
17 61 16
17 62 16
17 63 16
17 64 16
17 65 16
17 66 16
17 67 16
17 68 16
17 69 16
17 70 16
17 71 16
17 72 16
17 73 16
17 74 16
17 75 16
17 76 16
17 77 16
17 78 16
17 79 16
17 80 16
17 81 16
17 82 16
17 83 16
17 84 16
17 85 16
17 86 16
17 87 16
17 88 16
17 89 16
17 90 16
17 91 16
17 92 16
17 93 16
17 94 16
17 95 16
17 96 16
17 97 16
17 98 16
17 99 16
17 100 16
17 101 16
17 102 16
17 103 16
17 104 16
17 105 16
17 106 16
17 107 16
17 108 16
17 109 16
17 110 16
17 111 16
17 112 16
17 113 16
17 114 16
17 115 16
17 116 16
17 117 16
17 118 16
17 119 16
17 120 16
17 121 16
17 122 16
17 123 16
17 124 16
17 125 16
17 126 16
17 127 16
17 128 16
17 129 16
17 130 16
17 131 16
17 132 16
17 133 16
17 134 16
17 135 16
17 136 16
17 137 16
17 138 16
17 139 16
17 140 16
17 141 16
17 142 16
17 143 16
17 144 16
17 145 16
17 146 16
17 147 16
17 148 16
17 149 16
17 150 16
17 151 16
17 152 16
17 153 16
17 154 16
17 155 16
17 156 16
17 157 16
17 158 16
17 159 16
17 160 16
17 161 16
17 162 16
17 163 16
17 164 16
17 165 16
17 166 16
17 167 16
17 168 16
17 169 16
17 170 16
17 171 16
17 172 16
17 173 16
17 174 16
17 175 16
17 176 16
17 177 16
17 178 16
17 179 16
17 180 16
17 181 16
17 182 16
17 183 16
17 184 16
17 185 16
17 186 16
17 187 16
17 188 16
17 189 16
17 190 16
18 1 16
18 2 16
18 3 16
18 4 16
18 5 16
18 6 16
18 7 16
18 8 16
18 9 16
18 10 16
18 11 16
18 12 16
18 13 16
18 14 16
18 15 16
18 16 16
18 17 16
18 18 16
18 19 16
18 20 16
18 21 16
18 22 16
18 23 16
18 24 16
18 25 16
18 26 16
18 27 16
18 28 16
18 29 16
18 30 16
18 31 16
18 32 16
18 33 16
18 34 16
18 35 16
18 36 16
18 37 16
18 38 16
18 39 16
18 40 16
18 41 16
18 42 16
18 43 16
18 44 16
18 45 16
18 46 16
18 47 16
18 48 16
18 49 16
18 50 16
18 51 16
18 52 16
18 53 16
18 54 16
18 55 16
18 56 16
18 57 16
18 58 16
18 59 16
18 60 16
18 61 16
18 62 16
18 63 16
18 64 16
18 65 16
18 66 16
18 67 16
18 68 16
18 69 16
18 70 16
18 71 16
18 72 16
18 73 16
18 74 16
18 75 16
18 76 16
18 77 16
18 78 16
18 79 16
18 80 16
18 81 16
18 82 16
18 83 16
18 84 16
18 85 16
18 86 16
18 87 16
18 88 16
18 89 16
18 90 16
18 91 16
18 92 16
18 93 16
18 94 16
18 95 16
18 96 16
18 97 16
18 98 16
18 99 16
18 100 16
18 101 16
18 102 16
18 103 16
18 104 16
18 105 16
18 106 16
18 107 16
18 108 16
18 109 16
18 110 16
18 111 16
18 112 16
18 113 16
18 114 16
18 115 16
18 116 16
18 117 16
18 118 16
18 119 16
18 120 16
18 121 16
18 122 16
18 123 16
18 124 16
18 125 16
18 126 16
18 127 16
18 128 16
18 129 16
18 130 16
18 131 16
18 132 16
18 133 16
18 134 16
18 135 16
18 136 16
18 137 16
18 138 16
18 139 16
18 140 16
18 141 16
18 142 16
18 143 16
18 144 16
18 145 16
18 146 16
18 147 16
18 148 16
18 149 16
18 150 16
18 151 16
18 152 16
18 153 16
18 154 16
18 155 16
18 156 16
18 157 16
18 158 16
18 159 16
18 160 16
18 161 16
18 162 16
18 163 16
18 164 16
18 165 16
18 166 16
18 167 16
18 168 16
18 169 16
18 170 16
18 171 16
18 172 16
18 173 16
18 174 16
18 175 16
18 176 16
18 177 16
18 178 16
18 179 16
18 180 16
18 181 16
18 182 16
18 183 16
18 184 16
18 185 16
18 186 16
18 187 16
18 188 16
18 189 16
18 190 16
19 1 16
19 2 16
19 3 16
19 4 16
19 5 16
19 6 16
19 7 16
19 8 16
19 9 16
19 10 16
19 11 16
19 12 16
19 13 16
19 14 16
19 15 16
19 16 16
19 17 16
19 18 16
19 19 16
19 20 16
19 21 16
19 22 16
19 23 16
19 24 16
19 25 16
19 26 16
19 27 16
19 28 16
19 29 16
19 30 16
19 31 16
19 32 16
19 33 16
19 34 16
19 35 16
19 36 16
19 37 16
19 38 16
19 39 16
19 40 16
19 41 16
19 42 16
19 43 16
19 44 16
19 45 16
19 46 16
19 47 16
19 48 16
19 49 16
19 50 16
19 51 16
19 52 16
19 53 16
19 54 16
19 55 16
19 56 16
19 57 16
19 58 16
19 59 16
19 60 16
19 61 16
19 62 16
19 63 16
19 64 16
19 65 16
19 66 16
19 67 16
19 68 16
19 69 16
19 70 16
19 71 16
19 72 16
19 73 16
19 74 16
19 75 16
19 76 16
19 77 16
19 78 16
19 79 16
19 80 16
19 81 16
19 82 16
19 83 16
19 84 16
19 85 16
19 86 16
19 87 16
19 88 16
19 89 16
19 90 16
19 91 16
19 92 16
19 93 16
19 94 16
19 95 16
19 96 16
19 97 16
19 98 16
19 99 16
19 100 16
19 101 16
19 102 16
19 103 16
19 104 16
19 105 16
19 106 16
19 107 16
19 108 16
19 109 16
19 110 16
19 111 16
19 112 16
19 113 16
19 114 16
19 115 16
19 116 16
19 117 16
19 118 16
19 119 16
19 120 16
19 121 16
19 122 16
19 123 16
19 124 16
19 125 16
19 126 16
19 127 16
19 128 16
19 129 16
19 130 16
19 131 16
19 132 16
19 133 16
19 134 16
19 135 16
19 136 16
19 137 16
19 138 16
19 139 16
19 140 16
19 141 16
19 142 16
19 143 16
19 144 16
19 145 16
19 146 16
19 147 16
19 148 16
19 149 16
19 150 16
19 151 16
19 152 16
19 153 16
19 154 16
19 155 16
19 156 16
19 157 16
19 158 16
19 159 16
19 160 16
19 161 16
19 162 16
19 163 16
19 164 16
19 165 16
19 166 16
19 167 16
19 168 16
19 169 16
19 170 16
19 171 16
19 172 16
19 173 16
19 174 16
19 175 16
19 176 16
19 177 16
19 178 16
19 179 16
19 180 16
19 181 16
19 182 16
19 183 16
19 184 16
19 185 16
19 186 16
19 187 16
19 188 16
19 189 16
19 190 16
19 191 16
19 192 16
19 193 16
20 1 16
20 2 16
20 3 16
20 4 16
20 5 16
20 6 16
20 7 16
20 8 16
20 9 16
20 10 16
20 11 16
20 12 16
20 13 16
20 14 16
20 15 16
20 16 16
20 17 16
20 18 16
20 19 16
20 20 16
20 21 16
20 22 16
20 23 16
20 24 16
20 25 16
20 26 16
20 27 16
20 28 16
20 29 16
20 30 16
20 31 16
20 32 16
20 33 16
20 34 16
20 35 16
20 36 16
20 37 16
20 38 16
20 39 16
20 40 16
20 41 16
20 42 16
20 43 16
20 44 16
20 45 16
20 46 16
20 47 16
20 48 16
20 49 16
20 50 16
20 51 16
20 52 16
20 53 16
20 54 16
20 55 16
20 56 16
20 57 16
20 58 16
20 59 16
20 60 16
20 61 16
20 62 16
20 63 16
20 64 16
20 65 16
20 66 16
20 67 16
20 68 16
20 69 16
20 70 16
20 71 16
20 72 16
20 73 16
20 74 16
20 75 16
20 76 16
20 77 16
20 78 16
20 79 16
20 80 16
20 81 16
20 82 16
20 83 16
20 84 16
20 85 16
20 86 16
20 87 16
20 88 16
20 89 16
20 90 16
20 91 16
20 92 16
20 93 16
20 94 16
20 95 16
20 96 16
20 97 16
20 98 16
20 99 16
20 100 16
20 101 16
20 102 16
20 103 16
20 104 16
20 105 16
20 106 16
20 107 16
20 108 16
20 109 16
20 110 16
20 111 16
20 112 16
20 113 16
20 114 16
20 115 16
20 116 16
20 117 16
20 118 16
20 119 16
20 120 16
20 121 16
20 122 16
20 123 16
20 124 16
20 125 16
20 126 16
20 127 16
20 128 16
20 129 16
20 130 16
20 131 16
20 132 16
20 133 16
20 134 16
20 135 16
20 136 16
20 137 16
20 138 16
20 139 16
20 140 16
20 141 16
20 142 16
20 143 16
20 144 16
20 145 16
20 146 16
20 147 16
20 148 16
20 149 16
20 150 16
20 151 16
20 152 16
20 153 16
20 154 16
20 155 16
20 156 16
20 157 16
20 158 16
20 159 16
20 160 16
20 161 16
20 162 16
20 163 16
20 164 16
20 165 16
20 166 16
20 167 16
20 168 16
20 169 16
20 170 16
20 171 16
20 172 16
20 173 16
20 174 16
20 175 16
20 176 16
20 177 16
20 178 16
20 179 16
20 180 16
20 181 16
20 182 16
20 183 16
20 184 16
20 185 16
20 186 16
20 187 16
20 188 16
20 189 16
20 190 16
20 191 16
21 1 16
21 2 16
21 3 16
21 4 16
21 5 16
21 6 16
21 7 16
21 8 16
21 9 16
21 10 16
21 11 16
21 12 16
21 13 16
21 14 16
21 15 16
21 16 16
21 17 16
21 18 16
21 19 16
21 20 16
21 21 16
21 22 16
21 23 16
21 24 16
21 25 16
21 26 16
21 27 16
21 28 16
21 29 16
21 30 16
21 31 16
21 32 16
21 33 16
21 34 16
21 35 16
21 36 16
21 37 16
21 38 16
21 39 16
21 40 16
21 41 16
21 42 16
21 43 16
21 44 16
21 45 16
21 46 16
21 47 16
21 48 16
21 49 16
21 50 16
21 51 16
21 52 16
21 53 16
21 54 16
21 55 16
21 56 16
21 57 16
21 58 16
21 59 16
21 60 16
21 61 16
21 62 16
21 63 16
21 64 16
21 65 16
21 66 16
21 67 16
21 68 16
21 69 16
21 70 16
21 71 16
21 72 16
21 73 16
21 74 16
21 75 16
21 76 16
21 77 16
21 78 16
21 79 16
21 80 16
21 81 16
21 82 16
21 83 16
21 84 16
21 85 16
21 86 16
21 87 16
21 88 16
21 89 16
21 90 16
21 91 16
21 92 16
21 93 16
21 94 16
21 95 16
21 96 16
21 97 16
21 98 16
21 99 16
21 100 16
21 101 16
21 102 16
21 103 16
21 104 16
21 105 16
21 106 16
21 107 16
21 108 16
21 109 16
21 110 16
21 111 16
21 112 16
21 113 16
21 114 16
21 115 16
21 116 16
21 117 16
21 118 16
21 119 16
21 120 16
21 121 16
21 122 16
21 123 16
21 124 16
21 125 16
21 126 16
21 127 16
21 128 16
21 129 16
21 130 16
21 131 16
21 132 16
21 133 16
21 134 16
21 135 16
21 136 16
21 137 16
21 138 16
21 139 16
21 140 16
21 141 16
21 142 16
21 143 16
21 144 16
21 145 16
21 146 16
21 147 16
21 148 16
21 149 16
21 150 16
21 151 16
21 152 16
21 153 16
21 154 16
21 155 16
21 156 16
21 157 16
21 158 16
21 159 16
21 160 16
21 161 16
21 162 16
21 163 16
21 164 16
21 165 16
21 166 16
21 167 16
21 168 16
21 169 16
21 170 16
21 171 16
21 172 16
21 173 16
21 174 16
21 175 16
21 176 16
21 177 16
21 178 16
21 179 16
21 180 16
21 181 16
21 182 16
21 183 16
21 184 16
21 185 16
21 186 16
22 1 16
22 2 16
22 3 16
22 4 16
22 5 16
22 6 16
22 7 16
22 8 16
22 9 16
22 10 16
22 11 16
22 12 16
22 13 16
22 14 16
22 15 16
22 16 16
22 17 16
22 18 16
22 19 16
22 20 16
22 21 16
22 22 16
22 23 16
22 24 16
22 25 16
22 26 16
22 27 16
22 28 16
22 29 16
22 30 16
22 31 16
22 32 16
22 33 16
22 34 16
22 35 16
22 36 16
22 37 16
22 38 16
22 39 16
22 40 16
22 41 16
22 42 16
22 43 16
22 44 16
22 45 16
22 46 16
22 47 16
22 48 16
22 49 16
22 50 16
22 51 16
22 52 16
22 53 16
22 54 16
22 55 16
22 56 16
22 57 16
22 58 16
22 59 16
22 60 16
22 61 16
22 62 16
22 63 16
22 64 16
22 65 16
22 66 16
22 67 16
22 68 16
22 69 16
22 70 16
22 71 16
22 72 16
22 73 16
22 74 16
22 75 16
22 76 16
22 77 16
22 78 16
22 79 16
22 80 16
22 81 16
22 82 16
22 83 16
22 84 16
22 85 16
22 86 16
22 87 16
22 88 16
22 89 16
22 90 16
22 91 16
22 92 16
22 93 16
22 94 16
22 95 16
22 96 16
22 97 16
22 98 16
22 99 16
22 100 16
22 101 16
22 102 16
22 103 16
22 104 16
22 105 16
22 106 16
22 107 16
22 108 16
22 109 16
22 110 16
22 111 16
22 112 16
22 113 16
22 114 16
22 115 16
22 116 16
22 117 16
22 118 16
22 119 16
22 120 16
22 121 16
22 122 16
22 123 16
22 124 16
22 125 16
22 126 16
22 127 16
22 128 16
22 129 16
22 130 16
22 131 16
22 132 16
22 133 16
22 134 16
22 135 16
22 136 16
22 137 16
22 138 16
22 139 16
22 140 16
22 141 16
22 142 16
22 143 16
22 144 16
22 145 16
22 146 16
22 147 16
22 148 16
22 149 16
22 150 16
22 151 16
22 152 16
22 153 16
22 154 16
22 155 16
22 156 16
22 157 16
22 158 16
22 159 16
22 160 16
22 161 16
22 162 16
22 163 16
22 164 16
22 165 16
22 166 16
22 167 16
22 168 16
22 169 16
22 170 16
22 171 16
22 172 16
22 173 16
22 174 16
22 175 16
22 176 16
22 177 16
22 178 16
22 179 16
22 180 16
22 181 16
22 182 16
22 183 16
22 184 16
22 185 16
22 186 16
22 187 16
22 188 16
22 189 16
22 190 16
22 191 16
22 192 16
22 193 16
23 1 16
23 2 16
23 3 16
23 4 16
23 5 16
23 6 16
23 7 16
23 8 16
23 9 16
23 10 16
23 11 16
23 12 16
23 13 16
23 14 16
23 15 16
23 16 16
23 17 16
23 18 16
23 19 16
23 20 16
23 21 16
23 22 16
23 23 16
23 24 16
23 25 16
23 26 16
23 27 16
23 28 16
23 29 16
23 30 16
23 31 16
23 32 16
23 33 16
23 34 16
23 35 16
23 36 16
23 37 16
23 38 16
23 39 16
23 40 16
23 41 16
23 42 16
23 43 16
23 44 16
23 45 16
23 46 16
23 47 16
23 48 16
23 49 16
23 50 16
23 51 16
23 52 16
23 53 16
23 54 16
23 55 16
23 56 16
23 57 16
23 58 16
23 59 16
23 60 16
23 61 16
23 62 16
23 63 16
23 64 16
23 65 16
23 66 16
23 67 16
23 68 16
23 69 16
23 70 16
23 71 16
23 72 16
23 73 16
23 74 16
23 75 16
23 76 16
23 77 16
23 78 16
23 79 16
23 80 16
23 81 16
23 82 16
23 83 16
23 84 16
23 85 16
23 86 16
23 87 16
23 88 16
23 89 16
23 90 16
23 91 16
23 92 16
23 93 16
23 94 16
23 95 16
23 96 16
23 97 16
23 98 16
23 99 16
23 100 16
23 101 16
23 102 16
23 103 16
23 104 16
23 105 16
23 106 16
23 107 16
23 108 16
23 109 16
23 110 16
23 111 16
23 112 16
23 113 16
23 114 16
23 115 16
23 116 16
23 117 16
23 118 16
23 119 16
23 120 16
23 121 16
23 122 16
23 123 16
23 124 16
23 125 16
23 126 16
23 127 16
23 128 16
23 129 16
23 130 16
23 131 16
23 132 16
23 133 16
23 134 16
23 135 16
23 136 16
23 137 16
23 138 16
23 139 16
23 140 16
23 141 16
23 142 16
23 143 16
23 144 16
23 145 16
23 146 16
23 147 16
23 148 16
23 149 16
23 150 16
23 151 16
23 152 16
23 153 16
23 154 16
23 155 16
23 156 16
23 157 16
23 158 16
23 159 16
23 160 16
23 161 16
23 162 16
23 163 16
23 164 16
23 165 16
23 166 16
23 167 16
23 168 16
23 169 16
23 170 16
23 171 16
23 172 16
23 173 16
23 174 16
23 175 16
23 176 16
23 177 16
23 178 16
23 179 16
23 180 16
23 181 16
23 182 16
23 183 16
23 184 16
23 185 16
23 186 16
23 187 16
23 188 16
23 189 16
23 190 16
23 191 16
23 192 16
23 193 16
23 194 16
23 195 16
24 1 16
24 2 16
24 3 16
24 4 16
24 5 16
24 6 16
24 7 16
24 8 16
24 9 16
24 10 16
24 11 16
24 12 16
24 13 16
24 14 16
24 15 16
24 16 16
24 17 16
24 18 16
24 19 16
24 20 16
24 21 16
24 22 16
24 23 16
24 24 16
24 25 16
24 26 16
24 27 16
24 28 16
24 29 16
24 30 16
24 31 16
24 32 16
24 33 16
24 34 16
24 35 16
24 36 16
24 37 16
24 38 16
24 39 16
24 40 16
24 41 16
24 42 16
24 43 16
24 44 16
24 45 16
24 46 16
24 47 16
24 48 16
24 49 16
24 50 16
24 51 16
24 52 16
24 53 16
24 54 16
24 55 16
24 56 16
24 57 16
24 58 16
24 59 16
24 60 16
24 61 16
24 62 16
24 63 16
24 64 16
24 65 16
24 66 16
24 67 16
24 68 16
24 69 16
24 70 16
24 71 16
24 72 16
24 73 16
24 74 16
24 75 16
24 76 16
24 77 16
24 78 16
24 79 16
24 80 16
24 81 16
24 82 16
24 83 16
24 84 16
24 85 16
24 86 16
24 87 16
24 88 16
24 89 16
24 90 16
24 91 16
24 92 16
24 93 16
24 94 16
24 95 16
24 96 16
24 97 16
24 98 16
24 99 16
24 100 16
24 101 16
24 102 16
24 103 16
24 104 16
24 105 16
24 106 16
24 107 16
24 108 16
24 109 16
24 110 16
24 111 16
24 112 16
24 113 16
24 114 16
24 115 16
24 116 16
24 117 16
24 118 16
24 119 16
24 120 16
24 121 16
24 122 16
24 123 16
24 124 16
24 125 16
24 126 16
24 127 16
24 128 16
24 129 16
24 130 16
24 131 16
24 132 16
24 133 16
24 134 16
24 135 16
24 136 16
24 137 16
24 138 16
24 139 16
24 140 16
24 141 16
24 142 16
24 143 16
24 144 16
24 145 16
24 146 16
24 147 16
24 148 16
24 149 16
24 150 16
24 151 16
24 152 16
24 153 16
24 154 16
24 155 16
24 156 16
24 157 16
24 158 16
24 159 16
24 160 16
24 161 16
24 162 16
24 163 16
24 164 16
24 165 16
24 166 16
24 167 16
24 168 16
24 169 16
24 170 16
24 171 16
24 172 16
24 173 16
24 174 16
24 175 16
24 176 16
24 177 16
24 178 16
24 179 16
24 180 16
24 181 16
24 182 16
24 183 16
24 184 16
24 185 16
24 186 16
24 187 16
24 188 16
24 189 16
24 190 16
24 191 16
24 192 16
24 193 16
24 194 16
24 195 16
24 196 16
24 197 16
24 198 16
25 1 16
25 2 16
25 3 16
25 4 16
25 5 16
25 6 16
25 7 16
25 8 16
25 9 16
25 10 16
25 11 16
25 12 16
25 13 16
25 14 16
25 15 16
25 16 16
25 17 16
25 18 16
25 19 16
25 20 16
25 21 16
25 22 16
25 23 16
25 24 16
25 25 16
25 26 16
25 27 16
25 28 16
25 29 16
25 30 16
25 31 16
25 32 16
25 33 16
25 34 16
25 35 16
25 36 16
25 37 16
25 38 16
25 39 16
25 40 16
25 41 16
25 42 16
25 43 16
25 44 16
25 45 16
25 46 16
25 47 16
25 48 16
25 49 16
25 50 16
25 51 16
25 52 16
25 53 16
25 54 16
25 55 16
25 56 16
25 57 16
25 58 16
25 59 16
25 60 16
25 61 16
25 62 16
25 63 16
25 64 16
25 65 16
25 66 16
25 67 16
25 68 16
25 69 16
25 70 16
25 71 16
25 72 16
25 73 16
25 74 16
25 75 16
25 76 16
25 77 16
25 78 16
25 79 16
25 80 16
25 81 16
25 82 16
25 83 16
25 84 16
25 85 16
25 86 16
25 87 16
25 88 16
25 89 16
25 90 16
25 91 16
25 92 16
25 93 16
25 94 16
25 95 16
25 96 16
25 97 16
25 98 16
25 99 16
25 100 16
25 101 16
25 102 16
25 103 16
25 104 16
25 105 16
25 106 16
25 107 16
25 108 16
25 109 16
25 110 16
25 111 16
25 112 16
25 113 16
25 114 16
25 115 16
25 116 16
25 117 16
25 118 16
25 119 16
25 120 16
25 121 16
25 122 16
25 123 16
25 124 16
25 125 16
25 126 16
25 127 16
25 128 16
25 129 16
25 130 16
25 131 16
25 132 16
25 133 16
25 134 16
25 135 16
25 136 16
25 137 16
25 138 16
25 139 16
25 140 16
25 141 16
25 142 16
25 143 16
25 144 16
25 145 16
25 146 16
25 147 16
25 148 16
25 149 16
25 150 16
25 151 16
25 152 16
25 153 16
25 154 16
25 155 16
25 156 16
25 157 16
25 158 16
25 159 16
25 160 16
25 161 16
25 162 16
25 163 16
25 164 16
25 165 16
25 166 16
25 167 16
25 168 16
25 169 16
25 170 16
25 171 16
25 172 16
25 173 16
25 174 16
25 175 16
25 176 16
25 177 16
25 178 16
25 179 16
25 180 16
25 181 16
25 182 16
25 183 16
25 184 16
25 185 16
25 186 16
26 1 16
26 2 16
26 3 16
26 4 16
26 5 16
26 6 16
26 7 16
26 8 16
26 9 16
26 10 16
26 11 16
26 12 16
26 13 16
26 14 16
26 15 16
26 16 16
26 17 16
26 18 16
26 19 16
26 20 16
26 21 16
26 22 16
26 23 16
26 24 16
26 25 16
26 26 16
26 27 16
26 28 16
26 29 16
26 30 16
26 31 16
26 32 16
26 33 16
26 34 16
26 35 16
26 36 16
26 37 16
26 38 16
26 39 16
26 40 16
26 41 16
26 42 16
26 43 16
26 44 16
26 45 16
26 46 16
26 47 16
26 48 16
26 49 16
26 50 16
26 51 16
26 52 16
26 53 16
26 54 16
26 55 16
26 56 16
26 57 16
26 58 16
26 59 16
26 60 16
26 61 16
26 62 16
26 63 16
26 64 16
26 65 16
26 66 16
26 67 16
26 68 16
26 69 16
26 70 16
26 71 16
26 72 16
26 73 16
26 74 16
26 75 16
26 76 16
26 77 16
26 78 16
26 79 16
26 80 16
26 81 16
26 82 16
26 83 16
26 84 16
26 85 16
26 86 16
26 87 16
26 88 16
26 89 16
26 90 16
26 91 16
26 92 16
26 93 16
26 94 16
26 95 16
26 96 16
26 97 16
26 98 16
26 99 16
26 100 16
26 101 16
26 102 16
26 103 16
26 104 16
26 105 16
26 106 16
26 107 16
26 108 16
26 109 16
26 110 16
26 111 16
26 112 16
26 113 16
26 114 16
26 115 16
26 116 16
26 117 16
26 118 16
26 119 16
26 120 16
26 121 16
26 122 16
26 123 16
26 124 16
26 125 16
26 126 16
26 127 16
26 128 16
26 129 16
26 130 16
26 131 16
26 132 16
26 133 16
26 134 16
26 135 16
26 136 16
26 137 16
26 138 16
26 139 16
26 140 16
26 141 16
26 142 16
26 143 16
26 144 16
26 145 16
26 146 16
26 147 16
26 148 16
26 149 16
26 150 16
26 151 16
26 152 16
26 153 16
26 154 16
26 155 16
26 156 16
26 157 16
26 158 16
26 159 16
26 160 16
26 161 16
26 162 16
26 163 16
26 164 16
26 165 16
26 166 16
26 167 16
26 168 16
26 169 16
26 170 16
26 171 16
26 172 16
26 173 16
26 174 16
26 175 16
26 176 16
26 177 16
26 178 16
26 179 16
26 180 16
26 181 16
26 182 16
26 183 16
26 184 16
26 185 16
26 186 16
26 187 16
26 188 16
26 189 16
26 190 16
26 191 16
27 1 16
27 2 16
27 3 16
27 4 16
27 5 16
27 6 16
27 7 16
27 8 16
27 9 16
27 10 16
27 11 16
27 12 16
27 13 16
27 14 16
27 15 16
27 16 16
27 17 16
27 18 16
27 19 16
27 20 16
27 21 16
27 22 16
27 23 16
27 24 16
27 25 16
27 26 16
27 27 16
27 28 16
27 29 16
27 30 16
27 31 16
27 32 16
27 33 16
27 34 16
27 35 16
27 36 16
27 37 16
27 38 16
27 39 16
27 40 16
27 41 16
27 42 16
27 43 16
27 44 16
27 45 16
27 46 16
27 47 16
27 48 16
27 49 16
27 50 16
27 51 16
27 52 16
27 53 16
27 54 16
27 55 16
27 56 16
27 57 16
27 58 16
27 59 16
27 60 16
27 61 16
27 62 16
27 63 16
27 64 16
27 65 16
27 66 16
27 67 16
27 68 16
27 69 16
27 70 16
27 71 16
27 72 16
27 73 16
27 74 16
27 75 16
27 76 16
27 77 16
27 78 16
27 79 16
27 80 16
27 81 16
27 82 16
27 83 16
27 84 16
27 85 16
27 86 16
27 87 16
27 88 16
27 89 16
27 90 16
27 91 16
27 92 16
27 93 16
27 94 16
27 95 16
27 96 16
27 97 16
27 98 16
27 99 16
27 100 16
27 101 16
27 102 16
27 103 16
27 104 16
27 105 16
27 106 16
27 107 16
27 108 16
27 109 16
27 110 16
27 111 16
27 112 16
27 113 16
27 114 16
27 115 16
27 116 16
27 117 16
27 118 16
27 119 16
27 120 16
27 121 16
27 122 16
27 123 16
27 124 16
27 125 16
27 126 16
27 127 16
27 128 16
27 129 16
27 130 16
27 131 16
27 132 16
27 133 16
27 134 16
27 135 16
27 136 16
27 137 16
27 138 16
27 139 16
27 140 16
27 141 16
27 142 16
27 143 16
27 144 16
27 145 16
27 146 16
27 147 16
27 148 16
27 149 16
27 150 16
27 151 16
27 152 16
27 153 16
27 154 16
27 155 16
27 156 16
27 157 16
27 158 16
27 159 16
27 160 16
27 161 16
27 162 16
27 163 16
27 164 16
27 165 16
27 166 16
27 167 16
27 168 16
27 169 16
27 170 16
27 171 16
27 172 16
27 173 16
27 174 16
27 175 16
27 176 16
27 177 16
27 178 16
27 179 16
27 180 16
27 181 16
27 182 16
27 183 16
27 184 16
27 185 16
27 186 16
27 187 16
27 188 16
27 189 16
27 190 16
27 191 16
27 192 16
27 193 16
27 194 16
27 195 16
27 196 16
27 197 16
28 1 16
28 2 16
28 3 16
28 4 16
28 5 16
28 6 16
28 7 16
28 8 16
28 9 16
28 10 16
28 11 16
28 12 16
28 13 16
28 14 16
28 15 16
28 16 16
28 17 16
28 18 16
28 19 16
28 20 16
28 21 16
28 22 16
28 23 16
28 24 16
28 25 16
28 26 16
28 27 16
28 28 16
28 29 16
28 30 16
28 31 16
28 32 16
28 33 16
28 34 16
28 35 16
28 36 16
28 37 16
28 38 16
28 39 16
28 40 16
28 41 16
28 42 16
28 43 16
28 44 16
28 45 16
28 46 16
28 47 16
28 48 16
28 49 16
28 50 16
28 51 16
28 52 16
28 53 16
28 54 16
28 55 16
28 56 16
28 57 16
28 58 16
28 59 16
28 60 16
28 61 16
28 62 16
28 63 16
28 64 16
28 65 16
28 66 16
28 67 16
28 68 16
28 69 16
28 70 16
28 71 16
28 72 16
28 73 16
28 74 16
28 75 16
28 76 16
28 77 16
28 78 16
28 79 16
28 80 16
28 81 16
28 82 16
28 83 16
28 84 16
28 85 16
28 86 16
28 87 16
28 88 16
28 89 16
28 90 16
28 91 16
28 92 16
28 93 16
28 94 16
28 95 16
28 96 16
28 97 16
28 98 16
28 99 16
28 100 16
28 101 16
28 102 16
28 103 16
28 104 16
28 105 16
28 106 16
28 107 16
28 108 16
28 109 16
28 110 16
28 111 16
28 112 16
28 113 16
28 114 16
28 115 16
28 116 16
28 117 16
28 118 16
28 119 16
28 120 16
28 121 16
28 122 16
28 123 16
28 124 16
28 125 16
28 126 16
28 127 16
28 128 16
28 129 16
28 130 16
28 131 16
28 132 16
28 133 16
28 134 16
28 135 16
28 136 16
28 137 16
28 138 16
28 139 16
28 140 16
28 141 16
28 142 16
28 143 16
28 144 16
28 145 16
28 146 16
28 147 16
28 148 16
28 149 16
28 150 16
28 151 16
28 152 16
28 153 16
28 154 16
28 155 16
28 156 16
28 157 16
28 158 16
28 159 16
28 160 16
28 161 16
28 162 16
28 163 16
28 164 16
28 165 16
28 166 16
28 167 16
28 168 16
28 169 16
28 170 16
28 171 16
28 172 16
28 173 16
28 174 16
28 175 16
28 176 16
28 177 16
28 178 16
28 179 16
28 180 16
28 181 16
28 182 16
28 183 16
28 184 16
28 185 16
28 186 16
28 187 16
28 188 16
28 189 16
28 190 16
28 191 16
28 192 16
28 193 16
28 194 16
29 1 16
29 2 16
29 3 16
29 4 16
29 5 16
29 6 16
29 7 16
29 8 16
29 9 16
29 10 16
29 11 16
29 12 16
29 13 16
29 14 16
29 15 16
29 16 16
29 17 16
29 18 16
29 19 16
29 20 16
29 21 16
29 22 16
29 23 16
29 24 16
29 25 16
29 26 16
29 27 16
29 28 16
29 29 16
29 30 16
29 31 16
29 32 16
29 33 16
29 34 16
29 35 16
29 36 16
29 37 16
29 38 16
29 39 16
29 40 16
29 41 16
29 42 16
29 43 16
29 44 16
29 45 16
29 46 16
29 47 16
29 48 16
29 49 16
29 50 16
29 51 16
29 52 16
29 53 16
29 54 16
29 55 16
29 56 16
29 57 16
29 58 16
29 59 16
29 60 16
29 61 16
29 62 16
29 63 16
29 64 16
29 65 16
29 66 16
29 67 16
29 68 16
29 69 16
29 70 16
29 71 16
29 72 16
29 73 16
29 74 16
29 75 16
29 76 16
29 77 16
29 78 16
29 79 16
29 80 16
29 81 16
29 82 16
29 83 16
29 84 16
29 85 16
29 86 16
29 87 16
29 88 16
29 89 16
29 90 16
29 91 16
29 92 16
29 93 16
29 94 16
29 95 16
29 96 16
29 97 16
29 98 16
29 99 16
29 100 16
29 101 16
29 102 16
29 103 16
29 104 16
29 105 16
29 106 16
29 107 16
29 108 16
29 109 16
29 110 16
29 111 16
29 112 16
29 113 16
29 114 16
29 115 16
29 116 16
29 117 16
29 118 16
29 119 16
29 120 16
29 121 16
29 122 16
29 123 16
29 124 16
29 125 16
29 126 16
29 127 16
29 128 16
29 129 16
29 130 16
29 131 16
29 132 16
29 133 16
29 134 16
29 135 16
29 136 16
29 137 16
29 138 16
29 139 16
29 140 16
29 141 16
29 142 16
29 143 16
29 144 16
29 145 16
29 146 16
29 147 16
29 148 16
29 149 16
29 150 16
29 151 16
29 152 16
29 153 16
29 154 16
29 155 16
29 156 16
29 157 16
29 158 16
29 159 16
29 160 16
29 161 16
29 162 16
29 163 16
29 164 16
29 165 16
29 166 16
29 167 16
29 168 16
29 169 16
29 170 16
29 171 16
29 172 16
29 173 16
29 174 16
29 175 16
29 176 16
29 177 16
29 178 16
29 179 16
29 180 16
29 181 16
29 182 16
29 183 16
29 184 16
29 185 16
29 186 16
29 187 16
29 188 16
29 189 16
29 190 16
29 191 16
29 192 16
29 193 16
29 194 16
