0 1 7.13141e+06
0 2 185.429
0 3 11.6047
0 4 9.21051
0 5 8.23916
0 6 10.8024
0 7 10.8024
0 8 11.1892
0 9 12.0523
0 10 13.0597
0 11 8.23916
0 12 11.1892
0 13 14.2508
0 14 0.617676
0 15 9.21051
0 16 8.6978
0 17 13.0596
0 18 -0
0 19 1.17956
0 20 9.49022
0 21 8.23914
0 22 8.6978
0 23 7.27952
0 24 9.78745
0 25 9.78745
0 26 12.5358
0 27 12.5358
0 28 -0
0 29 7.27952
0 30 12.5358
0 31 -0
0 32 12.5357
0 33 0.217025
0 34 12.0523
0 35 11.1892
0 36 13.0597
0 37 12.0523
0 38 -0
0 39 12.5357
0 40 6.95547
0 41 11.1892
0 42 12.5357
0 43 10.8024
0 44 10.1039
0 45 13.6292
0 46 1.17513
0 47 9.4902
0 48 8.46227
0 49 13.6292
0 50 -0
0 51 9.21049
0 52 7.82646
0 53 -0
0 54 11.6047
0 55 13.6292
0 56 13.0596
0 57 -0
0 58 8.46225
0 59 9.21049
0 60 11.6047
0 61 10.4415
0 62 11.6047
0 63 8.23914
0 64 12.0523
0 65 12.5357
0 66 7.82646
0 67 11.6047
0 68 12.5357
0 69 10.1039
0 70 9.49022
0 71 -0
0 72 8.69778
0 73 9.21047
0 74 7.63524
0 75 10.1039
0 76 13.6291
0 77 7.63524
0 78 10.4415
0 79 8.69778
0 80 0.279535
0 81 9.49018
0 82 11.6047
0 83 0.653863
0 84 13.6291
0 85 13.6292
0 86 12.5357
0 87 13.6292
0 88 8.02751
0 89 9.4902
0 90 7.63523
0 91 10.1039
0 92 11.6046
0 93 0.390172
0 94 13.6291
0 95 13.629
0 96 12.0523
0 97 11.1892
0 98 8.46224
0 99 9.78743
0 100 9.49018
0 101 -0
0 102 12.5357
0 103 39.9716
0 104 79.3568
0 105 74.4367
0 106 55.0752
0 107 79.573
0 108 73.326
0 109 38.5338
0 110 76.2282
0 111 78.334
0 112 79.567
0 113 71.6259
0 114 57.82
0 115 79.5706
0 116 71.6556
0 117 79.3603
0 118 79.5706
0 119 79.3651
0 120 74.3355
0 121 37.8462
0 122 79.573
0 123 36.5967
0 124 73.6574
0 125 73.3774
0 126 69.7335
0 127 79.5706
0 128 79.2989
0 129 52.6646
0 130 74.4824
0 131 61.7319
0 132 65.8993
0 133 37.5707
0 134 38.1913
0 135 74.8941
0 136 47.7576
0 137 75.2774
0 138 36.5848
0 139 38.9828
0 140 40.3998
0 141 37.68
0 142 47.2293
0 143 37.3778
0 144 53.4757
0 145 23.9639
0 146 36.7934
0 147 68.7353
0 148 70.7185
0 149 72.7219
0 150 66.359
0 151 49.6702
0 152 79.5718
0 153 79.2301
0 154 77.9474
0 155 79.3651
0 156 70.8387
0 157 74.4822
0 158 78.7676
0 159 51.2308
0 160 70.2017
0 161 74.6993
0 162 60.6
0 163 79.3651
0 164 42.1771
0 165 48.423
0 166 66.3432
0 167 79.0827
0 168 79.5694
0 169 74.4504
0 170 73.5968
0 171 79.567
0 172 58.6013
0 173 78.0084
0 174 46.8318
0 175 74.4983
0 176 72.2395
0 177 79.5706
0 178 78.0732
0 179 51.407
0 180 73.4428
0 181 70.6117
0 182 79.1022
0 183 74.2709
0 184 76.2834
0 185 78.4905
0 186 73.2207
0 187 79.573
0 188 79.6494
0 189 77.8586
0 190 44.5654
0 191 69.9041
0 192 77.0962
0 193 74.0545
0 194 7.13141e+06
0 195 185.429
0 196 79.6494
1 1 7.13141e+06
1 2 76.4941
1 3 12.0523
1 4 10.1039
1 5 -0
1 6 8.46227
1 7 6.52011
1 8 8.02751
1 9 8.0275
1 10 12.0523
1 11 13.0597
1 12 12.5358
1 13 8.46225
1 14 14.2508
1 15 12.0523
1 16 0.196056
1 17 9.78745
1 18 -0
1 19 8.46224
1 20 8.02751
1 21 9.49022
1 22 9.49022
1 23 10.1039
1 24 12.5358
1 25 12.0523
1 26 14.2508
1 27 13.0597
1 28 12.0522
1 29 11.1892
1 30 8.6978
1 31 13.0596
1 32 11.6047
1 33 9.4902
1 34 8.46227
1 35 8.6978
1 36 9.49018
1 37 -0
1 38 10.1039
1 39 12.5357
1 40 10.4415
1 41 13.0596
1 42 -0
1 43 -0
1 44 11.6047
1 45 12.0522
1 46 8.69778
1 47 10.1039
1 48 10.4415
1 49 10.4415
1 50 10.8024
1 51 12.0523
1 52 10.1039
1 53 12.5357
1 54 7.63524
1 55 9.78743
1 56 14.2508
1 57 8.02748
1 58 10.8024
1 59 13.6292
1 60 11.6047
1 61 9.78745
1 62 1.97874
1 63 13.6292
1 64 -0
1 65 8.0275
1 66 9.21051
1 67 12.5358
1 68 14.2507
1 69 11.6047
1 70 -0
1 71 8.23916
1 72 10.8024
1 73 13.6292
1 74 8.02748
1 75 11.6047
1 76 -0
1 77 10.4415
1 78 11.6047
1 79 8.94681
1 80 -0
1 81 10.4415
1 82 9.78741
1 83 0.127347
1 84 11.6047
1 85 -0
1 86 13.6292
1 87 8.69778
1 88 10.1039
1 89 8.23916
1 90 10.8024
1 91 0.328281
1 92 7.63524
1 93 0.564152
1 94 8.02747
1 95 13.6292
1 96 13.6292
1 97 12.0522
1 98 9.21049
1 99 0.648436
1 100 7.63523
1 101 13.0596
1 102 5.58748
1 103 65.0795
1 104 42.5972
1 105 22.1746
1 106 77.4461
1 107 50.088
1 108 77.1346
1 109 78.8183
1 110 44.1395
1 111 32.1063
1 112 79.573
1 113 68.0302
1 114 53.8659
1 115 57.3666
1 116 66.5853
1 117 64.5717
1 118 67.7524
1 119 57.0502
1 120 73.4932
1 121 42.0104
1 122 49.0842
1 123 59.8939
1 124 68.5273
1 125 79.573
1 126 65.6265
1 127 39.9604
1 128 72.9297
1 129 75.7916
1 130 70.2819
1 131 68.8283
1 132 71.8999
1 133 79.4631
1 134 69.532
1 135 42.305
1 136 79.4631
1 137 79.254
1 138 40.9957
1 139 76.1934
1 140 79.051
1 141 48.5987
1 142 50.5131
1 143 58.3144
1 144 48.4989
1 145 77.8393
1 146 75.3934
1 147 79.5
1 148 72.4054
1 149 76.4774
1 150 69.4149
1 151 69.7355
1 152 79.5706
1 153 57.0869
1 154 70.0898
1 155 79.5718
1 156 79.3627
1 157 79.2765
1 158 76.9685
1 159 77.4979
1 160 78.4814
1 161 66.9871
1 162 79.2528
1 163 65.1554
1 164 76.6725
1 165 58.413
1 166 79.3639
1 167 72.0892
1 168 64.0182
1 169 40.0931
1 170 74.7236
1 171 79.567
1 172 76.0708
1 173 49.2968
1 174 73.0565
1 175 68.6822
1 176 48.3372
1 177 64.9678
1 178 79.5718
1 179 79.3627
1 180 37.8639
1 181 52.8797
1 182 78.8725
1 183 56.9768
1 184 77.7196
1 185 34.9057
1 186 40.3627
1 187 48.2643
1 188 66.2764
1 189 79.6482
1 190 74.5342
1 191 75.4791
1 192 79.6494
1 193 61.8154
2 1 11.1892
2 2 14.2508
2 3 11.1892
2 4 10.4415
2 5 7.27952
2 6 10.1039
2 7 9.49022
2 8 10.1039
2 9 11.6047
2 10 10.8024
2 11 10.8024
2 12 12.5358
2 13 13.6292
2 14 8.02751
2 15 12.0523
2 16 11.6047
2 17 11.6047
2 18 10.4415
2 19 10.4415
2 20 -0
2 21 -0
2 22 10.4415
2 23 0.177564
2 24 0.601044
2 25 12.0523
2 26 10.8024
2 27 11.1892
2 28 -0
2 29 12.5358
2 30 12.5358
2 31 10.1039
2 32 7.82646
2 33 0.0719892
2 34 9.78745
2 35 12.0523
2 36 9.21051
2 37 10.8024
2 38 11.1892
2 39 11.1891
2 40 6.65905
2 41 10.4415
2 42 -0
2 43 12.0523
2 44 -0
2 45 -0
2 46 1.10452
2 47 9.21049
2 48 8.46227
2 49 8.6978
2 50 12.0523
2 51 9.78745
2 52 0.532433
2 53 13.0597
2 54 13.0597
2 55 9.78743
2 56 -0
2 57 13.0596
2 58 1.71771
2 59 12.5357
2 60 10.4414
2 61 11.6047
2 62 7.82645
2 63 9.78743
2 64 0.10851
2 65 9.49022
2 66 12.0522
2 67 13.0596
2 68 14.2508
2 69 -0
2 70 -0
2 71 6.80403
2 72 12.5357
2 73 13.0596
2 74 10.4414
2 75 11.6046
2 76 -0
2 77 14.2507
2 78 -0
2 79 13.0596
2 80 0.598741
2 81 13.6292
2 82 13.6292
2 83 8.23916
2 84 7.82644
2 85 0.0670755
2 86 10.4415
2 87 10.1039
2 88 11.6046
2 89 -0
2 90 0.967706
2 91 13.0596
2 92 12.5357
2 93 11.6046
2 94 13.6292
2 95 -0
2 96 10.4414
2 97 -0
2 98 0.217025
2 99 10.1039
2 100 0.467165
2 101 26.5278
2 102 74.9848
2 103 75.2073
2 104 74.0925
2 105 78.6779
2 106 48.2606
2 107 75.6471
2 108 41.5729
2 109 67.5463
2 110 42.881
2 111 73.5957
2 112 73.2796
2 113 34.5257
2 114 69.1101
2 115 76.6851
2 116 69.7511
2 117 73.298
2 118 54.6012
2 119 70.0407
2 120 65.3422
2 121 56.4256
2 122 32.2715
2 123 78.3638
2 124 37.8654
2 125 67.9564
2 126 79.573
2 127 72.1874
2 128 75.0477
2 129 70.5946
2 130 63.0819
2 131 65.6374
2 132 43.2538
2 133 79.3639
2 134 65.711
2 135 34.0357
2 136 78.005
2 137 74.3907
2 138 62.0001
2 139 50.6526
2 140 57.5736
2 141 54.9212
2 142 72.3976
2 143 74.3365
2 144 77.2381
2 145 78.3112
2 146 68.3454
2 147 78.2717
2 148 73.8867
2 149 43.1821
2 150 77.6164
2 151 79.6362
2 152 79.2599
2 153 79.6446
2 154 79.3568
2 155 79.6422
2 156 75.7489
2 157 77.0983
2 158 55.2978
2 159 78.9744
2 160 73.9801
2 161 49.053
2 162 27.8912
2 163 53.1556
2 164 46.1597
2 165 43.7191
2 166 31.2564
2 167 79.6494
2 168 51.8165
2 169 66.1798
2 170 46.3265
2 171 36.9413
2 172 79.3627
2 173 69.1522
2 174 31.6751
2 175 44.9837
2 176 79.573
2 177 79.068
2 178 79.6494
2 179 67.7965
2 180 72.5647
2 181 79.5336
2 182 56.9815
2 183 72.3265
2 184 79.6494
2 185 78.1069
2 186 79.6494
2 187 0.0305748
2 188 0.0230511
2 189 79.6494
3 1 0.0236367
3 2 0.0211253
3 3 7.13141e+06
3 4 185.429
3 5 13.6292
3 6 12.5358
3 7 -0
3 8 0.0398702
3 9 6.80403
3 10 7.63524
3 11 14.2508
3 12 13.6292
3 13 11.6047
3 14 9.21051
3 15 13.0597
3 16 12.0523
3 17 9.78745
3 18 1.27588
3 19 8.23916
3 20 11.1892
3 21 14.2508
3 22 12.5358
3 23 -0
3 24 14.2507
3 25 -0
3 26 12.5357
3 27 13.6292
3 28 9.49022
3 29 7.63523
3 30 8.6978
3 31 0.590817
3 32 8.46227
3 33 12.5358
3 34 12.5357
3 35 10.8024
3 36 9.78745
3 37 11.6047
3 38 13.6292
3 39 10.1039
3 40 -0
3 41 9.4902
3 42 12.0523
3 43 9.49022
3 44 10.4415
3 45 7.82646
3 46 10.8024
3 47 12.0523
3 48 13.6292
3 49 9.21049
3 50 -0
3 51 10.8024
3 52 10.8024
3 53 -0
3 54 10.1039
3 55 0.0979339
3 56 11.6047
3 57 9.78743
3 58 13.0597
3 59 14.2507
3 60 13.6292
3 61 12.5357
3 62 8.69778
3 63 7.82646
3 64 14.2507
3 65 -0
3 66 13.0596
3 67 8.46225
3 68 1.4886
3 69 14.2507
3 70 9.78743
3 71 9.49018
3 72 9.78741
3 73 -0
3 74 10.4415
3 75 9.21051
3 76 8.02751
3 77 8.69777
3 78 9.21049
3 79 0.202406
3 80 13.6291
3 81 7.63524
3 82 10.4415
3 83 13.0596
3 84 -0
3 85 8.0275
3 86 7.82645
3 87 -0
3 88 13.0596
3 89 9.21047
3 90 11.6047
3 91 8.02751
3 92 11.6047
3 93 13.0596
3 94 8.23914
3 95 12.0523
3 96 0.652498
3 97 1.28111
3 98 10.4414
3 99 10.8024
3 100 0.487574
3 101 8.94681
3 102 10.1039
3 103 0.488336
3 104 12.5357
3 105 44.4279
3 106 44.4151
3 107 57.8288
3 108 49.3641
3 109 71.0299
3 110 67.8649
3 111 74.2892
3 112 79.573
3 113 58.938
3 114 71.5823
3 115 75.4216
3 116 66.6573
3 117 55.1905
3 118 33.8994
3 119 33.4662
3 120 33.2012
3 121 77.7421
3 122 46.808
3 123 68.6504
3 124 79.2292
3 125 79.5718
3 126 69.0324
3 127 72.6738
3 128 74.2365
3 129 31.719
3 130 59.101
3 131 67.5046
3 132 60.5959
3 133 42.3967
3 134 31.6001
3 135 56.5826
3 136 30.6942
3 137 56.428
3 138 55.5703
3 139 79.6494
3 140 31.5363
3 141 74.0019
3 142 62.5049
3 143 78.8989
3 144 58.8112
3 145 79.573
3 146 77.8525
3 147 35.2109
3 148 79.573
3 149 39.0791
3 150 78.5123
3 151 65.4758
3 152 79.5718
3 153 68.8648
3 154 78.568
3 155 64.2891
3 156 79.5706
3 157 37.8777
3 158 65.1384
3 159 66.6875
3 160 53.9164
3 161 77.9211
3 162 73.5765
3 163 74.5353
3 164 79.5706
3 165 69.7516
3 166 50.0653
3 167 41.7346
3 168 79.3627
3 169 79.5718
3 170 78.7777
3 171 79.4535
3 172 79.647
3 173 58.1014
3 174 79.5706
3 175 36.6472
3 176 73.2625
3 177 54.3878
3 178 79.573
3 179 55.9635
3 180 72.1985
3 181 79.573
3 182 73.7566
3 183 70.4379
3 184 43.7437
3 185 77.4524
3 186 73.6737
3 187 74.7032
3 188 75.9662
3 189 79.6494
3 190 79.6494
3 191 77.6929
3 192 77.9316
3 193 78.5398
3 194 79.2413
4 1 0.0163049
4 2 0.0163054
4 3 0.043457
4 4 0.0244056
4 5 0.248424
4 6 11.1892
4 7 12.5358
4 8 0.279535
4 9 13.6292
4 10 0.214492
4 11 8.46227
4 12 10.4415
4 13 -0
4 14 13.0597
4 15 10.4415
4 16 12.5358
4 17 7.82646
4 18 12.0523
4 19 11.6047
4 20 12.0523
4 21 11.6047
4 22 13.0597
4 23 7.82646
4 24 8.23916
4 25 1.954
4 26 12.0523
4 27 -0
4 28 9.21051
4 29 6.52011
4 30 7.63524
4 31 7.82645
4 32 12.5357
4 33 1.94185
4 34 14.2508
4 35 12.5358
4 36 10.8024
4 37 9.49022
4 38 13.0596
4 39 13.6292
4 40 10.1039
4 41 9.78745
4 42 14.2507
4 43 14.2507
4 44 9.78745
4 45 1.57885
4 46 11.6047
4 47 12.5357
4 48 13.0596
4 49 7.63524
4 50 9.78743
4 51 13.6292
4 52 11.6047
4 53 11.6047
4 54 6.5201
4 55 -0
4 56 13.6292
4 57 13.6292
4 58 12.0523
4 59 12.0522
4 60 10.4415
4 61 13.0596
4 62 12.5357
4 63 8.23916
4 64 8.6978
4 65 -0
4 66 10.8024
4 67 8.02751
4 68 14.2508
4 69 9.4902
4 70 10.1039
4 71 9.78743
4 72 11.1892
4 73 9.49018
4 74 8.46227
4 75 -0
4 76 13.0596
4 77 10.8024
4 78 12.5357
4 79 14.2506
4 80 -0
4 81 8.0275
4 82 8.94681
4 83 8.46225
4 84 -0
4 85 7.63523
4 86 9.49016
4 87 13.0596
4 88 13.6292
4 89 8.6978
4 90 12.5357
4 91 10.1039
4 92 0.130266
4 93 8.94681
4 94 8.23914
4 95 13.6291
4 96 8.23914
4 97 10.8024
4 98 8.23913
4 99 13.6291
4 100 12.0522
4 101 10.4415
4 102 -0
4 103 -0
4 104 -0
4 105 55.8698
4 106 23.229
4 107 58.495
4 108 60.6027
4 109 78.4338
4 110 79.2967
4 111 79.6482
4 112 58.3417
4 113 69.424
4 114 45.1491
4 115 79.573
4 116 72.6396
4 117 74.2137
4 118 73.2131
4 119 78.9409
4 120 51.0945
4 121 79.6398
4 122 78.3704
4 123 28.7652
4 124 38.0768
4 125 63.9525
4 126 76.6576
4 127 71.9442
4 128 79.6494
4 129 78.4606
4 130 79.3544
4 131 54.1836
4 132 79.0974
4 133 34.6972
4 134 68.8857
4 135 74.3248
4 136 65.6621
4 137 62.7588
4 138 69.9721
4 139 55.0189
4 140 70.6203
4 141 72.2076
4 142 69.1534
4 143 74.374
4 144 79.2528
4 145 72.0601
4 146 66.5591
4 147 67.0582
4 148 73.0617
4 149 77.1729
4 150 79.3568
4 151 50.1865
4 152 49.3601
4 153 36.7124
4 154 79.2967
4 155 65.1432
4 156 79.5634
4 157 79.2967
4 158 79.5562
4 159 79.3615
4 160 53.698
4 161 65.7915
4 162 76.1294
4 163 69.8548
4 164 76.6726
4 165 74.7185
4 166 52.5138
4 167 71.9595
4 168 74.7495
4 169 37.915
4 170 68.7433
4 171 78.1389
4 172 77.6835
4 173 79.3579
4 174 79.0875
4 175 43.0907
4 176 79.5622
4 177 79.5706
4 178 76.7495
4 179 79.5622
4 180 67.0513
4 181 51.594
4 182 79.3508
4 183 79.3639
4 184 42.8737
4 185 43.759
4 186 39.5011
4 187 63.8031
4 188 74.7051
4 189 79.573
4 190 66.2376
4 191 55.4851
4 192 76.5417
4 193 47.2971
4 194 73.3343
5 1 0.0176028
5 2 0.00988906
5 3 13.6292
5 4 9.49022
5 5 -0
5 6 7.63524
5 7 -0
5 8 12.5358
5 9 -0
5 10 -0
5 11 8.6978
5 12 7.82646
5 13 8.6978
5 14 12.5358
5 15 6.80403
5 16 11.6047
5 17 13.6292
5 18 13.6292
5 19 -0
5 20 8.46227
5 21 14.2508
5 22 11.6047
5 23 -0
5 24 14.2508
5 25 9.78745
5 26 11.6047
5 27 8.46225
5 28 -0
5 29 8.23916
5 30 12.0523
5 31 -0
5 32 11.6047
5 33 7.82646
5 34 10.1039
5 35 -0
5 36 -0
5 37 8.02751
5 38 11.6047
5 39 12.5357
5 40 8.69778
5 41 11.6047
5 42 9.78743
5 43 12.0523
5 44 13.6292
5 45 7.63524
5 46 13.0597
5 47 9.49022
5 48 8.46227
5 49 13.0596
5 50 13.6292
5 51 9.4902
5 52 11.1892
5 53 1.12845
5 54 -0
5 55 -0
5 56 -0
5 57 10.8024
5 58 -0
5 59 -0
5 60 10.8024
5 61 13.0596
5 62 14.2508
5 63 10.1039
5 64 10.1039
5 65 13.6292
5 66 8.69778
5 67 7.82645
5 68 11.1892
5 69 12.0523
5 70 13.6291
5 71 12.0523
5 72 9.21051
5 73 10.8024
5 74 -0
5 75 -0
5 76 6.80402
5 77 13.0596
5 78 10.1039
5 79 8.69776
5 80 7.27952
5 81 8.69777
5 82 8.23916
5 83 12.0522
5 84 12.5357
5 85 10.4415
5 86 8.0275
5 87 12.5358
5 88 8.69775
5 89 8.02751
5 90 7.63523
5 91 10.4415
5 92 12.0523
5 93 -0
5 94 10.4415
5 95 10.1039
5 96 8.02748
5 97 0.10946
5 98 11.6047
5 99 12.5357
5 100 13.0597
5 101 10.4415
5 102 14.2507
5 103 73.9938
5 104 31.8224
5 105 27.3869
5 106 53.3954
5 107 68.4371
5 108 49.8695
5 109 66.1642
5 110 59.1205
5 111 54.8073
5 112 46.6691
5 113 74.1491
5 114 74.8157
5 115 34.2913
5 116 69.7304
5 117 33.6013
5 118 75.3687
5 119 74.1519
5 120 51.2666
5 121 60.2224
5 122 64.164
5 123 40.6517
5 124 79.573
5 125 65.0116
5 126 79.5443
5 127 70.9498
5 128 75.4796
5 129 53.4115
5 130 69.3459
5 131 79.2254
5 132 51.8595
5 133 73.0737
5 134 65.8566
5 135 55.0552
5 136 71.6653
5 137 75.923
5 138 46.4159
5 139 38.6937
5 140 74.6398
5 141 63.2123
5 142 78.4467
5 143 79.5706
5 144 45.6791
5 145 77.4645
5 146 51.7798
5 147 79.2214
5 148 55.2846
5 149 40.6776
5 150 35.3298
5 151 50.163
5 152 74.1234
5 153 79.5682
5 154 79.3544
5 155 77.9943
5 156 76.8636
5 157 79.6386
5 158 76.2494
5 159 35.1623
5 160 75.898
5 161 56.2647
5 162 79.5706
5 163 64.1493
5 164 79.3448
5 165 79.6398
5 166 67.0147
5 167 65.0941
5 168 79.5622
5 169 79.5718
5 170 39.7002
5 171 75.3954
5 172 79.629
5 173 56.023
5 174 79.5658
5 175 77.1798
5 176 79.6386
5 177 75.9531
5 178 41.8543
5 179 79.3047
5 180 79.573
5 181 65.2919
5 182 61.4001
5 183 79.6494
5 184 76.8055
5 185 7.13141e+06
5 186 48.186
5 187 7.13141e+06
5 188 185.429
6 1 9.78745
6 2 13.6292
6 3 7.63524
6 4 9.78743
6 5 13.0597
6 6 10.4415
6 7 7.63524
6 8 11.6047
6 9 14.2508
6 10 -0
6 11 10.1039
6 12 0.520028
6 13 13.6292
6 14 -0
6 15 14.2507
6 16 -0
6 17 8.46227
6 18 10.4415
6 19 8.23916
6 20 12.5358
6 21 12.5358
6 22 8.02751
6 23 12.5357
6 24 9.21051
6 25 9.49022
6 26 10.1039
6 27 7.63523
6 28 13.0597
6 29 7.82646
6 30 8.94681
6 31 -0
6 32 10.8024
6 33 11.1892
6 34 11.1892
6 35 9.78741
6 36 11.1892
6 37 6.65905
6 38 8.9468
6 39 9.78745
6 40 13.0596
6 41 10.8024
6 42 12.0523
6 43 12.0523
6 44 9.49022
6 45 8.23916
6 46 8.94678
6 47 13.6292
6 48 9.4902
6 49 1.74651
6 50 9.4902
6 51 11.1892
6 52 -0
6 53 0.380666
6 54 7.11381
6 55 -0
6 56 10.8024
6 57 8.23914
6 58 8.23914
6 59 14.2508
6 60 -0
6 61 12.5358
6 62 13.6292
6 63 13.6292
6 64 11.6047
6 65 11.6047
6 66 10.4415
6 67 10.8024
6 68 10.1039
6 69 14.2507
6 70 13.0596
6 71 10.1039
6 72 10.4415
6 73 9.21051
6 74 -0
6 75 14.2507
6 76 8.46227
6 77 12.0523
6 78 -0
6 79 0.0781264
6 80 11.6047
6 81 13.6291
6 82 8.23913
6 83 0.33425
6 84 10.4415
6 85 7.63522
6 86 11.1892
6 87 10.1039
6 88 12.0523
6 89 7.82645
6 90 -0
6 91 13.0596
6 92 8.46225
6 93 -0
6 94 -0
6 95 11.6047
6 96 10.8024
6 97 -0
6 98 11.6047
6 99 11.6047
6 100 8.02751
6 101 69.1577
6 102 49.2319
6 103 70.3981
6 104 38.6551
6 105 74.3126
6 106 60.8823
6 107 73.3045
6 108 64.1074
6 109 70.0787
6 110 77.0939
6 111 58.3181
6 112 63.1201
6 113 77.4345
6 114 60.388
6 115 77.7022
6 116 68.0445
6 117 79.6494
6 118 73.242
6 119 61.9115
6 120 47.8389
6 121 68.226
6 122 55.8382
6 123 60.9379
6 124 51.2254
6 125 35.7833
6 126 77.2733
6 127 39.6141
6 128 46.828
6 129 38.6601
6 130 79.573
6 131 62.9501
6 132 48.7437
6 133 54.8092
6 134 74.4078
6 135 74.4949
6 136 33.1206
6 137 69.7022
6 138 72.6231
6 139 27.4072
6 140 62.634
6 141 60.3413
6 142 72.742
6 143 72.383
6 144 79.3556
6 145 79.6482
6 146 68.1385
6 147 51.1998
6 148 76.5332
6 149 79.567
6 150 76.5811
6 151 74.6066
6 152 65.3256
6 153 73.6912
6 154 78.0112
6 155 60.4898
6 156 79.5718
6 157 79.3639
6 158 63.0572
6 159 63.737
6 160 52.2908
6 161 74.0588
6 162 69.5573
6 163 68.0857
6 164 79.2504
6 165 79.567
6 166 57.1249
6 167 65.4761
6 168 79.573
6 169 69.9749
6 170 79.5706
6 171 71.5455
6 172 57.2779
6 173 37.9718
6 174 72.5923
6 175 60.0601
6 176 79.3651
6 177 79.573
6 178 79.2552
6 179 79.3627
6 180 74.4796
6 181 58.4905
6 182 41.5517
6 183 76.3329
6 184 38.9491
6 185 79.6494
6 186 79.6494
6 187 79.6494
6 188 79.6494
6 189 7.13141e+06
6 190 185.429
6 191 7.13141e+06
6 192 185.429
7 1 0.0301649
7 2 0.030164
7 3 9.21051
7 4 0.916614
7 5 0.130266
7 6 14.2508
7 7 10.8024
7 8 -0
7 9 -0
7 10 -0
7 11 12.0523
7 12 7.82646
7 13 12.5358
7 14 13.0597
7 15 1.92986
7 16 8.23916
7 17 10.8024
7 18 -0
7 19 8.6978
7 20 8.6978
7 21 8.23914
7 22 12.5358
7 23 7.82646
7 24 -0
7 25 13.0596
7 26 12.0523
7 27 8.02751
7 28 8.23913
7 29 12.0523
7 30 7.63524
7 31 -0
7 32 13.0596
7 33 7.63523
7 34 9.78745
7 35 1.97874
7 36 9.78745
7 37 12.5358
7 38 11.1892
7 39 8.46227
7 40 -0
7 41 10.4415
7 42 7.82645
7 43 8.69778
7 44 9.49022
7 45 11.6047
7 46 11.6047
7 47 12.0523
7 48 8.23911
7 49 10.4415
7 50 7.27952
7 51 -0
7 52 13.6292
7 53 9.49022
7 54 12.0523
7 55 -0
7 56 7.82644
7 57 8.2391
7 58 7.63522
7 59 -0
7 60 -0
7 61 11.6047
7 62 10.1039
7 63 8.46225
7 64 8.23916
7 65 12.5357
7 66 -0
7 67 -0
7 68 8.46227
7 69 13.0596
7 70 10.4415
7 71 11.6047
7 72 8.0275
7 73 9.4902
7 74 9.49018
7 75 -0
7 76 13.6292
7 77 8.23909
7 78 13.6292
7 79 8.46225
7 80 9.78743
7 81 0.177665
7 82 -0
7 83 12.5357
7 84 11.6047
7 85 -0
7 86 -0
7 87 13.6292
7 88 8.69778
7 89 13.6292
7 90 9.21049
7 91 8.02748
7 92 8.23907
7 93 12.5357
7 94 12.5357
7 95 11.6046
7 96 9.4902
7 97 13.0595
7 98 -0
7 99 13.0595
7 100 9.78741
7 101 13.6291
7 102 14.2508
7 103 27.1551
7 104 32.119
7 105 67.4426
7 106 71.3956
7 107 72.4652
7 108 76.8379
7 109 74.9712
7 110 50.4255
7 111 51.0568
7 112 78.8613
7 113 70.9236
7 114 48.4028
7 115 37.571
7 116 55.4212
7 117 61.3428
7 118 79.6242
7 119 25.7711
7 120 71.5844
7 121 48.3949
7 122 79.573
7 123 65.8811
7 124 56.0968
7 125 79.5467
7 126 79.2835
7 127 77.6138
7 128 79.5706
7 129 33.0986
7 130 53.8114
7 131 77.9605
7 132 52.5396
7 133 62.282
7 134 77.4489
7 135 68.8682
7 136 79.3651
7 137 22.1274
7 138 58.9953
7 139 74.0057
7 140 75.9134
7 141 41.7259
7 142 64.5926
7 143 77.785
7 144 63.6919
7 145 79.311
7 146 49.7606
7 147 73.1742
7 148 74.6655
7 149 66.116
7 150 39.4348
7 151 40.3095
7 152 55.6608
7 153 72.8681
7 154 40.6792
7 155 54.7548
7 156 79.5658
7 157 78.6564
7 158 72.138
7 159 54.0438
7 160 74.5387
7 161 71.0453
7 162 76.357
7 163 75.3882
7 164 79.555
7 165 64.2089
7 166 79.5574
7 167 50.9246
7 168 79.5646
7 169 79.3002
7 170 73.3467
7 171 79.5706
7 172 74.5136
7 173 72.9841
7 174 74.5146
7 175 76.2629
7 176 79.0531
7 177 79.5706
7 178 54.6913
7 179 39.6157
7 180 73.4023
7 181 79.6494
7 182 69.2047
7 183 77.0613
7 184 78.793
7 185 76.7774
8 1 7.13141e+06
8 2 185.429
8 3 7.63524
8 4 8.6978
8 5 9.21051
8 6 12.5358
8 7 9.49022
8 8 13.0597
8 9 8.6978
8 10 9.78745
8 11 -0
8 12 13.0596
8 13 8.94681
8 14 -0
8 15 -0
8 16 10.1039
8 17 7.82646
8 18 8.46227
8 19 7.63524
8 20 8.69778
8 21 8.46227
8 22 11.6047
8 23 -0
8 24 10.8024
8 25 10.1039
8 26 8.23916
8 27 12.0523
8 28 11.1892
8 29 9.78743
8 30 10.4415
8 31 9.49022
8 32 0.122313
8 33 8.46225
8 34 9.21049
8 35 12.5358
8 36 10.4415
8 37 9.21047
8 38 7.27952
8 39 13.6292
8 40 11.1892
8 41 -0
8 42 12.0523
8 43 -0
8 44 10.8024
8 45 8.23916
8 46 10.8024
8 47 8.69777
8 48 11.6047
8 49 8.23914
8 50 12.5358
8 51 7.27951
8 52 7.63523
8 53 -0
8 54 0.239477
8 55 6.65905
8 56 8.69775
8 57 7.82646
8 58 12.0523
8 59 12.5357
8 60 12.0523
8 61 -0
8 62 7.11381
8 63 9.78741
8 64 8.46225
8 65 8.46224
8 66 12.0523
8 67 10.1039
8 68 7.63522
8 69 -0
8 70 10.1039
8 71 13.0597
8 72 8.69773
8 73 8.46222
8 74 10.4415
8 75 9.21046
8 76 6.52011
8 77 7.82645
8 78 12.5357
8 79 7.82644
8 80 6.80403
8 81 10.1039
8 82 10.1039
8 83 -0
8 84 9.21044
8 85 -0
8 86 10.8024
8 87 -0
8 88 11.6047
8 89 14.2508
8 90 10.1038
8 91 12.5357
8 92 0.626342
8 93 11.6047
8 94 13.6292
8 95 13.6292
8 96 10.4415
8 97 9.78745
8 98 12.5357
8 99 10.1038
8 100 13.0596
8 101 8.69778
8 102 7.6352
8 103 38.0113
8 104 45.8703
8 105 34.5592
8 106 67.8062
8 107 49.8966
8 108 79.3049
8 109 43.6404
8 110 54.864
8 111 35.0325
8 112 72.521
8 113 72.9147
8 114 42.3771
8 115 28.77
8 116 53.9712
8 117 73.558
8 118 79.5718
8 119 67.5737
8 120 72.5045
8 121 73.5274
8 122 79.2905
8 123 72.6813
8 124 74.9083
8 125 72.5137
8 126 57.1854
8 127 35.6191
8 128 46.9166
8 129 78.9094
8 130 39.5726
8 131 27.4046
8 132 75.8181
8 133 36.8054
8 134 79.4808
8 135 79.573
8 136 55.8817
8 137 77.6993
8 138 43.1601
8 139 63.1368
8 140 41.159
8 141 58.6852
8 142 77.3643
8 143 70.6928
8 144 68.3152
8 145 60.7805
8 146 79.3639
8 147 64.9992
8 148 73.1616
8 149 53.9241
8 150 67.6795
8 151 35.7485
8 152 65.5428
8 153 79.5646
8 154 37.0722
8 155 60.2075
8 156 76.2161
8 157 75.5879
8 158 78.4804
8 159 55.5698
8 160 79.3457
8 161 76.8054
8 162 73.4763
8 163 36.3185
8 164 53.6013
8 165 71.2878
8 166 67.865
8 167 48.5741
8 168 67.7129
8 169 55.6328
8 170 79.573
8 171 73.9445
8 172 75.7525
8 173 79.5634
8 174 79.2457
8 175 61.1198
8 176 64.586
8 177 77.3969
8 178 68.1067
8 179 71.6154
8 180 74.3593
8 181 76.5617
8 182 79.1546
8 183 79.5694
8 184 70.1537
8 185 40.6749
8 186 73.1918
8 187 78.0336
8 188 49.8091
8 189 79.6494
8 190 69.7301
8 191 7.13141e+06
8 192 76.4941
9 1 0.0616305
9 2 0.0510921
9 3 11.6047
9 4 9.78745
9 5 9.49022
9 6 9.21051
9 7 0.0434032
9 8 9.78743
9 9 9.4902
9 10 10.4415
9 11 -0
9 12 7.63524
9 13 9.21051
9 14 8.02751
9 15 7.11381
9 16 12.0523
9 17 10.8024
9 18 12.0523
9 19 8.46227
9 20 -0
9 21 13.0597
9 22 13.6292
9 23 11.6047
9 24 -0
9 25 11.6047
9 26 11.6047
9 27 10.1039
9 28 10.8024
9 29 8.23916
9 30 8.6978
9 31 6.52011
9 32 9.49018
9 33 8.6978
9 34 11.1892
9 35 10.8024
9 36 13.0597
9 37 10.8024
9 38 12.0523
9 39 7.82646
9 40 12.0522
9 41 8.46225
9 42 9.21049
9 43 11.6047
9 44 9.78745
9 45 12.0522
9 46 12.5358
9 47 12.0523
9 48 13.6292
9 49 1.32455
9 50 10.4415
9 51 1.04191
9 52 0.967706
9 53 -0
9 54 12.5358
9 55 9.78741
9 56 0.964719
9 57 10.1039
9 58 10.1039
9 59 8.46224
9 60 11.6047
9 61 11.1892
9 62 12.5357
9 63 1.954
9 64 12.5358
9 65 0.112413
9 66 13.6292
9 67 12.5357
9 68 12.5357
9 69 9.78739
9 70 12.0522
9 71 -0
9 72 10.4415
9 73 10.1039
9 74 9.49016
9 75 9.49022
9 76 10.1038
9 77 8.69778
9 78 0.0699273
9 79 8.23916
9 80 13.0596
9 81 13.6291
9 82 -0
9 83 -0
9 84 7.82645
9 85 -0
9 86 10.8024
9 87 9.78737
9 88 10.8024
9 89 8.23914
9 90 14.2508
9 91 0.150173
9 92 6.95547
9 93 8.02751
9 94 11.6046
9 95 13.6291
9 96 0.0770287
9 97 -0
9 98 8.69778
9 99 14.2507
9 100 13.6291
9 101 11.1892
9 102 6.95547
9 103 29.4928
9 104 29.6071
9 105 67.1784
9 106 75.8513
9 107 75.3874
9 108 70.8723
9 109 76.0855
9 110 70.1062
9 111 78.2918
9 112 74.4396
9 113 57.0043
9 114 61.9841
9 115 77.8921
9 116 64.4341
9 117 73.0542
9 118 40.4925
9 119 73.2114
9 120 79.4631
9 121 72.1024
9 122 78.742
9 123 67.0358
9 124 62.9101
9 125 32.2328
9 126 75.0342
9 127 79.4631
9 128 51.0775
9 129 35.4161
9 130 78.5279
9 131 49.1366
9 132 76.3715
9 133 52.2009
9 134 47.8861
9 135 64.2464
9 136 48.8687
9 137 47.3436
9 138 77.439
9 139 69.3513
9 140 78.0427
9 141 73.575
9 142 72.3079
9 143 40.3319
9 144 77.8641
9 145 79.5526
9 146 67.6604
9 147 77.8416
9 148 30.2812
9 149 74.7117
9 150 63.8753
9 151 74.3639
9 152 66.4637
9 153 79.3627
9 154 62.1989
9 155 76.3259
9 156 74.8656
9 157 50.7639
9 158 78.1831
9 159 73.0675
9 160 79.1138
9 161 79.573
9 162 38.3034
9 163 71.4376
9 164 68.4049
9 165 79.2824
9 166 79.5706
9 167 79.5658
9 168 78.143
9 169 79.2883
9 170 37.1536
9 171 79.2859
9 172 78.7758
9 173 33.784
9 174 72.6374
9 175 76.0027
9 176 79.5694
9 177 40.6546
9 178 73.1004
9 179 61.3212
9 180 74.1231
9 181 46.949
9 182 61.1122
9 183 33.2452
9 184 79.6494
9 185 78.185
9 186 76.8165
9 187 44.872
9 188 78.0373
9 189 79.1336
9 190 54.1563
9 191 71.2382
9 192 79.6494
9 193 79.6494
9 194 0.0395064
9 195 0.0221933
9 196 79.6494
10 1 9.78745
10 2 12.0523
10 3 7.11381
10 4 13.6292
10 5 8.6978
10 6 7.82646
10 7 12.5358
10 8 10.4415
10 9 9.78743
10 10 -0
10 11 9.21051
10 12 12.0523
10 13 8.23916
10 14 12.0523
10 15 10.8024
10 16 11.6047
10 17 9.49022
10 18 12.5358
10 19 9.78741
10 20 13.6292
10 21 8.02751
10 22 13.0597
10 23 8.0275
10 24 12.0523
10 25 13.6292
10 26 9.4902
10 27 12.0523
10 28 7.27952
10 29 11.6047
10 30 7.63524
10 31 10.8024
10 32 8.02748
10 33 0.482306
10 34 8.69778
10 35 11.6047
10 36 -0
10 37 9.78745
10 38 -0
10 39 -0
10 40 7.63524
10 41 0.952951
10 42 12.5358
10 43 13.6292
10 44 12.0522
10 45 10.8024
10 46 8.46227
10 47 11.6047
10 48 0.0463517
10 49 12.0522
10 50 -0
10 51 10.8024
10 52 8.23914
10 53 14.2508
10 54 13.0597
10 55 8.46227
10 56 14.2508
10 57 10.4415
10 58 14.2507
10 59 0.0398702
10 60 -0
10 61 7.63523
10 62 8.94681
10 63 13.0596
10 64 11.6047
10 65 10.1039
10 66 8.46225
10 67 9.49022
10 68 8.23916
10 69 10.4415
10 70 13.6292
10 71 9.21049
10 72 -0
10 73 10.1039
10 74 -0
10 75 9.78739
10 76 11.6047
10 77 12.5357
10 78 9.78743
10 79 13.0596
10 80 -0
10 81 8.46225
10 82 7.82645
10 83 9.49018
10 84 8.69777
10 85 8.23913
10 86 -0
10 87 -0
10 88 12.5357
10 89 12.5357
10 90 -0
10 91 9.49016
10 92 10.4415
10 93 10.1039
10 94 10.8024
10 95 10.8024
10 96 11.6047
10 97 8.23914
10 98 13.6292
10 99 10.1039
10 100 8.6978
10 101 71.6173
10 102 22.0431
10 103 58.9888
10 104 72.659
10 105 79.5245
10 106 79.3639
10 107 56.8413
10 108 79.3651
10 109 79.647
10 110 75.5635
10 111 63.4511
10 112 56.9849
10 113 79.6494
10 114 37.439
10 115 45.2891
10 116 58.3096
10 117 59.5069
10 118 71.5838
10 119 75.6244
10 120 75.2474
10 121 45.3868
10 122 75.4266
10 123 77.0331
10 124 33.1534
10 125 51.2726
10 126 50.0012
10 127 38.0231
10 128 32.111
10 129 69.123
10 130 54.1316
10 131 73.8414
10 132 79.573
10 133 74.9112
10 134 46.2851
10 135 70.2185
10 136 61.3127
10 137 51.8725
10 138 66.6267
10 139 79.5646
10 140 79.3651
10 141 46.4979
10 142 72.9528
10 143 67.2946
10 144 71.3212
10 145 28.719
10 146 77.7902
10 147 53.2704
10 148 76.4302
10 149 75.8402
10 150 67.2485
10 151 79.573
10 152 43.1186
10 153 69.0588
10 154 66.7496
10 155 78.8158
10 156 78.5873
10 157 79.5718
10 158 66.7864
10 159 72.9232
10 160 70.087
10 161 77.2733
10 162 79.5646
10 163 79.3639
10 164 79.5682
10 165 79.561
10 166 45.9885
10 167 79.5706
10 168 55.7411
10 169 43.6379
10 170 70.1385
10 171 78.0046
10 172 54.9664
10 173 57.7795
10 174 79.3651
10 175 51.71
10 176 38.8422
10 177 79.3651
10 178 65.6891
10 179 70.877
10 180 43.1636
10 181 79.5658
10 182 59.4423
10 183 75.5698
10 184 58791.3
10 185 79.6494
10 186 79.6494
10 187 79.6494
10 188 79.6494
10 189 7.13141e+06
10 190 48.186
10 191 7.13141e+06
10 192 185.429
11 1 0.0228255
11 2 0.0172083
11 3 12.5358
11 4 10.1039
11 5 11.1892
11 6 12.5358
11 7 13.6292
11 8 8.6978
11 9 0.171427
11 10 7.82646
11 11 8.23916
11 12 8.46227
11 13 13.6292
11 14 7.63524
11 15 8.6978
11 16 -0
11 17 11.1892
11 18 12.5357
11 19 10.1039
11 20 -0
11 21 11.6047
11 22 8.69778
11 23 -0
11 24 9.78745
11 25 7.27952
11 26 13.0597
11 27 11.1892
11 28 1.954
11 29 12.5358
11 30 0.0407648
11 31 11.6047
11 32 13.0597
11 33 8.23914
11 34 12.5357
11 35 9.49022
11 36 1.01815
11 37 0.933035
11 38 11.1892
11 39 11.6047
11 40 -0
11 41 14.2508
11 42 10.1039
11 43 10.4415
11 44 7.82646
11 45 -0
11 46 -0
11 47 8.23913
11 48 11.6047
11 49 12.5357
11 50 8.02751
11 51 10.8024
11 52 1.30247
11 53 9.49022
11 54 8.02751
11 55 8.94681
11 56 13.0596
11 57 13.0596
11 58 11.1892
11 59 -0
11 60 7.27951
11 61 13.0596
11 62 12.0523
11 63 6.52011
11 64 8.69778
11 65 9.4902
11 66 9.49018
11 67 1.96629
11 68 -0
11 69 -0
11 70 8.46225
11 71 -0
11 72 11.1891
11 73 12.0523
11 74 13.6292
11 75 10.4415
11 76 6.5201
11 77 9.4902
11 78 13.6292
11 79 13.6292
11 80 -0
11 81 8.69776
11 82 6.80403
11 83 10.1039
11 84 10.1038
11 85 10.4415
11 86 0.513196
11 87 9.21051
11 88 13.6292
11 89 7.27952
11 90 -0
11 91 8.69777
11 92 12.5357
11 93 9.49018
11 94 -0
11 95 8.69775
11 96 13.6291
11 97 7.63523
11 98 9.49016
11 99 10.4414
11 100 8.94681
11 101 -0
11 102 12.0523
11 103 77.9155
11 104 79.573
11 105 78.3163
11 106 71.7266
11 107 58.0393
11 108 67.6926
11 109 66.8509
11 110 75.5084
11 111 73.5812
11 112 76.5235
11 113 39.5408
11 114 32.6443
11 115 71.5454
11 116 59.7322
11 117 76.0425
11 118 76.3812
11 119 79.1578
11 120 74.8248
11 121 49.7428
11 122 37.6682
11 123 73.4767
11 124 42.5212
11 125 79.3651
11 126 48.1174
11 127 64.9369
11 128 66.2612
11 129 42.5273
11 130 42.1834
11 131 27.7481
11 132 69.9556
11 133 78.3496
11 134 61.9809
11 135 52.5349
11 136 25.8263
11 137 62.517
11 138 79.573
11 139 78.8753
11 140 73.9246
11 141 76.168
11 142 48.3453
11 143 67.2673
11 144 79.5706
11 145 72.656
11 146 61.6835
11 147 64.3399
11 148 73.7995
11 149 68.423
11 150 79.3639
11 151 68.7691
11 152 76.6962
11 153 31.6109
11 154 75.6084
11 155 79.5694
11 156 77.152
11 157 78.5095
11 158 45.7995
11 159 75.3911
11 160 71.6208
11 161 78.0257
11 162 75.582
11 163 73.9153
11 164 71.4768
11 165 79.3627
11 166 74.4242
11 167 35.6239
11 168 40.7322
11 169 79.573
11 170 49.8584
11 171 54.3848
11 172 70.296
11 173 33.2804
11 174 33.5061
11 175 73.1205
11 176 43.9318
11 177 70.1979
11 178 78.0154
11 179 63.0091
11 180 72.9037
11 181 73.4568
11 182 39.0839
11 183 64.2695
11 184 79.5521
11 185 55.2315
11 186 74.2959
11 187 70.362
11 188 78.2943
11 189 79.6494
11 190 7.13141e+06
11 191 185.429
12 1 0.0185543
12 2 0.0153809
12 3 7.82646
12 4 10.4415
12 5 10.8024
12 6 11.6047
12 7 12.5358
12 8 8.6978
12 9 8.02751
12 10 13.0597
12 11 10.1039
12 12 13.6292
12 13 10.4415
12 14 14.2508
12 15 -0
12 16 10.1039
12 17 12.0523
12 18 10.8024
12 19 -0
12 20 13.6292
12 21 -0
12 22 10.4415
12 23 11.1892
12 24 10.4415
12 25 -0
12 26 8.23916
12 27 11.6047
12 28 11.6047
12 29 7.63524
12 30 -0
12 31 11.1892
12 32 7.63523
12 33 11.6047
12 34 -0
12 35 13.0597
12 36 7.82646
12 37 6.80403
12 38 1.954
12 39 13.0596
12 40 14.2507
12 41 12.5358
12 42 13.6292
12 43 8.23914
12 44 9.49022
12 45 7.45314
12 46 8.46227
12 47 9.49022
12 48 11.6047
12 49 9.78745
12 50 11.6047
12 51 11.1892
12 52 -0
12 53 9.21051
12 54 10.8024
12 55 10.4415
12 56 -0
12 57 13.6292
12 58 13.0596
12 59 8.69778
12 60 10.4415
12 61 10.8024
12 62 9.4902
12 63 -0
12 64 11.6047
12 65 13.6292
12 66 7.82645
12 67 -0
12 68 12.5357
12 69 9.78743
12 70 9.21049
12 71 -0
12 72 12.5357
12 73 -0
12 74 7.63524
12 75 10.8024
12 76 0.0514579
12 77 13.6292
12 78 9.78741
12 79 -0
12 80 12.0523
12 81 7.82645
12 82 11.1892
12 83 0.0300541
12 84 12.0523
12 85 9.49018
12 86 10.4414
12 87 11.1892
12 88 7.82644
12 89 -0
12 90 12.0523
12 91 10.4414
12 92 8.23913
12 93 7.82644
12 94 12.5358
12 95 13.0596
12 96 12.5357
12 97 9.4902
12 98 10.4414
12 99 7.63522
12 100 8.0275
12 101 -0
12 102 13.0596
12 103 32.5194
12 104 25.3286
12 105 61.0753
12 106 49.2758
12 107 48.2658
12 108 49.7258
12 109 78.5041
12 110 38.9394
12 111 79.5622
12 112 66.0621
12 113 68.9415
12 114 75.9018
12 115 74.487
12 116 58.6235
12 117 54.3197
12 118 45.5355
12 119 74.3715
12 120 67.3344
12 121 62.3891
12 122 79.2036
12 123 33.5145
12 124 71.4994
12 125 51.8117
12 126 70.4389
12 127 62.9026
12 128 42.3147
12 129 55.5893
12 130 79.5395
12 131 60.6429
12 132 75.5655
12 133 43.2177
12 134 46.7833
12 135 48.9491
12 136 74.8791
12 137 32.2808
12 138 71.3244
12 139 73.8116
12 140 26.0394
12 141 18.549
12 142 71.8496
12 143 40.26
12 144 47.3249
12 145 72.1446
12 146 39.8422
12 147 35.6805
12 148 79.2388
12 149 76.5895
12 150 79.5706
12 151 75.1264
12 152 68.1691
12 153 76.198
12 154 63.9917
12 155 79.2304
12 156 66.9967
12 157 51.3566
12 158 72.698
12 159 71.7065
12 160 37.6356
12 161 48.0988
12 162 32.0162
12 163 60.6991
12 164 79.4595
12 165 27.5003
12 166 77.9326
12 167 79.1816
12 168 79.1567
12 169 79.5718
12 170 61.6077
12 171 63.579
12 172 76.5807
12 173 79.573
12 174 79.6494
12 175 78.0211
12 176 75.349
12 177 79.5184
12 178 66.4681
12 179 37.8945
12 180 55.8448
12 181 79.6482
12 182 79.567
12 183 79.5694
12 184 67.9436
12 185 50.6006
12 186 79.6494
12 187 79.6494
12 188 56.6853
13 1 0.0262334
13 2 0.0217445
13 3 7.13141e+06
13 4 185.429
13 5 13.6292
13 6 11.1892
13 7 8.94681
13 8 12.5358
13 9 10.8024
13 10 13.0597
13 11 -0
13 12 13.6292
13 13 12.0523
13 14 14.2508
13 15 10.1039
13 16 11.1892
13 17 13.0596
13 18 -0
13 19 8.46227
13 20 -0
13 21 12.5358
13 22 1.26555
13 23 0.279535
13 24 9.49022
13 25 8.02751
13 26 13.6292
13 27 9.21051
13 28 7.82646
13 29 9.78745
13 30 14.2508
13 31 0.628863
13 32 13.6292
13 33 14.2507
13 34 8.23916
13 35 14.2507
13 36 11.1892
13 37 11.1892
13 38 11.1891
13 39 11.6047
13 40 8.46227
13 41 9.78743
13 42 8.02751
13 43 13.0596
13 44 0.391149
13 45 0.125506
13 46 11.6047
13 47 12.5358
13 48 7.82646
13 49 6.80403
13 50 11.6047
13 51 11.1891
13 52 0.173329
13 53 -0
13 54 8.46225
13 55 1.33019
13 56 -0
13 57 0.335326
13 58 1.5324
13 59 1.94185
13 60 12.0523
13 61 13.0597
13 62 10.8024
13 63 12.0523
13 64 14.2507
13 65 8.0275
13 66 12.5357
13 67 10.1039
13 68 10.8024
13 69 14.2506
13 70 9.78741
13 71 13.6292
13 72 11.6047
13 73 9.78745
13 74 10.1039
13 75 7.82645
13 76 -0
13 77 11.6047
13 78 -0
13 79 10.1039
13 80 14.2507
13 81 13.0596
13 82 11.6046
13 83 12.5357
13 84 14.2506
13 85 10.4415
13 86 10.8024
13 87 9.4902
13 88 11.1891
13 89 10.8023
13 90 8.0275
13 91 1.07785
13 92 12.5357
13 93 9.49018
13 94 9.78743
13 95 -0
13 96 8.46224
13 97 0.124456
13 98 11.6047
13 99 0.111292
13 100 10.1038
13 101 7.82644
13 102 11.6046
13 103 7.82642
13 104 6.52011
13 105 78.731
13 106 79.6494
13 107 40.2544
13 108 79.1407
13 109 79.232
13 110 43.6071
13 111 72.3515
13 112 77.2474
13 113 76.1839
13 114 78.1048
13 115 65.2855
13 116 67.1493
13 117 55.932
13 118 57.2221
13 119 79.6494
13 120 54.3296
13 121 71.3935
13 122 60.6548
13 123 72.2427
13 124 77.6182
13 125 58.5658
13 126 63.3136
13 127 44.3287
13 128 78.3031
13 129 79.2237
13 130 76.4975
13 131 61.2999
13 132 72.4805
13 133 35.5683
13 134 77.7925
13 135 57.3524
13 136 68.596
13 137 79.2296
13 138 43.7983
13 139 68.9049
13 140 75.8968
13 141 39.6029
13 142 78.9652
13 143 73.3259
13 144 58.1501
13 145 76.0051
13 146 56.309
13 147 51.1975
13 148 65.4948
13 149 76.0593
13 150 64.6865
13 151 42.7234
13 152 78.8195
13 153 54.3998
13 154 79.6494
13 155 79.6386
13 156 73.1065
13 157 79.641
13 158 74.6639
13 159 79.6494
13 160 63.0786
13 161 71.4436
13 162 79.6386
13 163 62.8676
13 164 72.205
13 165 40.0885
13 166 74.4868
13 167 79.1233
13 168 70.0046
13 169 69.8499
13 170 79.2332
13 171 78.9743
13 172 79.6482
13 173 79.0381
13 174 76.7885
13 175 71.5203
13 176 34.277
13 177 71.9513
13 178 78.9006
13 179 28.7612
13 180 62.808
13 181 40.2954
13 182 62.861
13 183 64.7143
13 184 79.6494
13 185 73.9135
13 186 51.143
13 187 39.7467
13 188 56.0085
13 189 79.6494
13 190 79.6494
13 191 73.0991
13 192 79.6494
13 193 60.6905
13 194 77.5254
13 195 67.2063
13 196 61.257
13 197 79.6494
14 1 14.2508
14 2 9.49022
14 3 14.2508
14 4 9.4902
14 5 -0
14 6 10.8024
14 7 10.4415
14 8 9.21051
14 9 -0
14 10 11.6047
14 11 9.78745
14 12 9.21049
14 13 9.78745
14 14 13.6292
14 15 1.08534
14 16 -0
14 17 11.1892
14 18 12.5358
14 19 11.1892
14 20 11.6047
14 21 10.1039
14 22 10.4415
14 23 9.49022
14 24 9.21047
14 25 13.0597
14 26 -0
14 27 14.2507
14 28 14.2507
14 29 11.1892
14 30 13.6292
14 31 -0
14 32 7.82646
14 33 11.6047
14 34 6.95547
14 35 12.5357
14 36 13.6292
14 37 8.46227
14 38 10.4415
14 39 8.94681
14 40 9.78743
14 41 8.23916
14 42 12.0523
14 43 10.8024
14 44 7.82645
14 45 9.21051
14 46 9.49018
14 47 8.6978
14 48 13.6292
14 49 9.49016
14 50 10.4415
14 51 9.78741
14 52 14.2506
14 53 8.46227
14 54 8.23916
14 55 -0
14 56 8.23914
14 57 9.21046
14 58 11.1892
14 59 7.82644
14 60 8.69778
14 61 0.34419
14 62 10.1039
14 63 8.23914
14 64 10.8024
14 65 11.1891
14 66 10.8024
14 67 12.5358
14 68 9.21044
14 69 9.78739
14 70 1.954
14 71 0.6276
14 72 11.1891
14 73 -0
14 74 0.649785
14 75 13.6292
14 76 13.0596
14 77 13.0596
14 78 10.8023
14 79 9.78743
14 80 12.5358
14 81 11.6047
14 82 13.0596
14 83 12.5357
14 84 -0
14 85 9.49014
14 86 -0
14 87 13.6291
14 88 12.0523
14 89 14.2506
14 90 1.17072
14 91 13.6291
14 92 12.5357
14 93 0.128183
14 94 9.4902
14 95 12.5357
14 96 9.49018
14 97 13.0595
14 98 0.0591976
14 99 11.6047
14 100 -0
14 101 42.6198
14 102 30.0916
14 103 75.321
14 104 75.4601
14 105 77.3101
14 106 48.8061
14 107 69.1029
14 108 66.1141
14 109 58.8409
14 110 65.7565
14 111 65.2985
14 112 50.5116
14 113 35.6207
14 114 77.7518
14 115 71.7783
14 116 68.3091
14 117 38.5682
14 118 55.0382
14 119 58.2815
14 120 79.2764
14 121 78.6246
14 122 77.3955
14 123 41.64
14 124 70.7235
14 125 50.5424
14 126 76.3419
14 127 77.7475
14 128 63.1142
14 129 79.2361
14 130 70.1266
14 131 49.077
14 132 75.5584
14 133 77.3555
14 134 64.6089
14 135 59.6284
14 136 79.2552
14 137 72.7154
14 138 77.2452
14 139 34.0382
14 140 79.3281
14 141 67.9516
14 142 39.7507
14 143 76.2151
14 144 76.1631
14 145 77.288
14 146 72.8796
14 147 69.0836
14 148 77.2004
14 149 65.3066
14 150 65.5534
14 151 68.2615
14 152 32.921
14 153 79.3639
14 154 79.573
14 155 67.8384
14 156 78.9112
14 157 79.2308
14 158 41.4107
14 159 77.6298
14 160 35.4389
14 161 77.8372
14 162 78.9252
14 163 53.3815
14 164 69.4982
14 165 72.1065
14 166 72.2208
14 167 78.2567
14 168 79.2284
14 169 73.5226
14 170 79.1125
14 171 79.1185
14 172 78.2135
14 173 74.5428
14 174 78.5139
14 175 60.5953
14 176 79.2296
14 177 70.537
14 178 73.779
14 179 69.0841
14 180 76.8756
14 181 72.8561
14 182 72.3758
14 183 75.0502
14 184 61.8936
14 185 74.4603
14 186 79.573
14 187 72.3022
14 188 79.6494
14 189 79.6494
14 190 79.6494
14 191 0.00870825
14 192 0.0087084
14 193 7.13141e+06
14 194 185.429
15 1 7.82646
15 2 0.908619
15 3 0.39066
15 4 10.8024
15 5 12.0523
15 6 13.6292
15 7 11.1892
15 8 11.6047
15 9 8.23916
15 10 12.0523
15 11 11.6047
15 12 -0
15 13 8.46227
15 14 13.0597
15 15 13.0596
15 16 0.114977
15 17 0.150246
15 18 11.1892
15 19 10.8024
15 20 13.0596
15 21 -0
15 22 9.21051
15 23 -0
15 24 1.68075
15 25 12.0523
15 26 -0
15 27 1.7368
15 28 10.8024
15 29 0.102093
15 30 -0
15 31 10.8024
15 32 13.6292
15 33 13.0596
15 34 6.65905
15 35 14.2508
15 36 7.82646
15 37 8.02751
15 38 7.63524
15 39 10.8024
15 40 9.49022
15 41 11.6047
15 42 8.6978
15 43 12.5358
15 44 10.1039
15 45 10.1039
15 46 8.0275
15 47 9.78745
15 48 10.1039
15 49 8.02748
15 50 -0
15 51 12.5358
15 52 12.5357
15 53 8.46227
15 54 -0
15 55 -0
15 56 7.82645
15 57 12.5358
15 58 12.5357
15 59 9.21049
15 60 12.5357
15 61 10.4415
15 62 12.0523
15 63 9.21047
15 64 11.1892
15 65 0.979843
15 66 11.6047
15 67 0.477151
15 68 -0
15 69 12.0523
15 70 13.6292
15 71 8.46225
15 72 7.63524
15 73 13.6292
15 74 9.4902
15 75 8.23914
15 76 8.46224
15 77 10.8023
15 78 10.8023
15 79 12.0522
15 80 11.6047
15 81 13.6291
15 82 7.82645
15 83 11.1892
15 84 13.0597
15 85 10.1039
15 86 8.23916
15 87 0.34725
15 88 13.0596
15 89 9.21051
15 90 -0
15 91 0.127191
15 92 10.4415
15 93 11.1892
15 94 13.6291
15 95 8.02751
15 96 8.02747
15 97 13.0595
15 98 8.46225
15 99 10.8024
15 100 12.0522
15 101 36.9097
15 102 55.5712
15 103 61.2215
15 104 62.5718
15 105 74.2633
15 106 29.7207
15 107 66.3609
15 108 47.3031
15 109 59.0219
15 110 77.3261
15 111 78.4684
15 112 68.5343
15 113 44.5528
15 114 76.5416
15 115 49.7092
15 116 47.2
15 117 72.0977
15 118 75.9259
15 119 36.1859
15 120 72.4409
15 121 52.821
15 122 78.4638
15 123 38.3794
15 124 79.573
15 125 61.3462
15 126 75.2033
15 127 79.4631
15 128 33.9197
15 129 32.8982
15 130 78.2172
15 131 38.7098
15 132 76.4169
15 133 71.0838
15 134 78.6492
15 135 33.3998
15 136 54.0781
15 137 42.7044
15 138 45.0596
15 139 79.254
15 140 68.4261
15 141 71.2481
15 142 65.2824
15 143 73.0812
15 144 69.807
15 145 73.8811
15 146 70.9343
15 147 75.758
15 148 76.4815
15 149 75.7915
15 150 71.4671
15 151 74.5301
15 152 78.1358
15 153 71.2275
15 154 77.8218
15 155 65.584
15 156 47.7511
15 157 78.3812
15 158 75.7561
15 159 68.7867
15 160 79.5682
15 161 65.5409
15 162 74.2554
15 163 79.5682
15 164 78.3457
15 165 59.184
15 166 32.2371
15 167 79.5682
15 168 79.5086
15 169 79.567
15 170 79.5682
15 171 79.3568
15 172 79.567
15 173 77.2365
15 174 79.2859
15 175 46.3532
15 176 58.2412
15 177 39.6845
15 178 67.5464
15 179 55.0822
15 180 63.5977
15 181 77.7125
15 182 79.6494
15 183 71.1509
15 184 79.6494
15 185 65.2861
15 186 79.6494
15 187 79.3498
15 188 63.8978
15 189 67.3391
15 190 79.6494
16 1 7.13141e+06
16 2 185.429
16 3 12.5358
16 4 11.6047
16 5 -0
16 6 10.8024
16 7 8.6978
16 8 7.27952
16 9 12.0523
16 10 6.52011
16 11 0.145151
16 12 12.0523
16 13 11.6047
16 14 12.0523
16 15 12.0522
16 16 13.6292
16 17 13.0597
16 18 13.0597
16 19 10.1039
16 20 12.5358
16 21 6.65905
16 22 10.8024
16 23 6.52011
16 24 -0
16 25 7.63524
16 26 0.903366
16 27 8.46227
16 28 10.4415
16 29 0.930257
16 30 9.78745
16 31 12.5358
16 32 10.4415
16 33 9.21051
16 34 -0
16 35 8.23916
16 36 10.1039
16 37 -0
16 38 -0
16 39 8.23914
16 40 10.4415
16 41 -0
16 42 -0
16 43 11.6047
16 44 1.26044
16 45 9.78745
16 46 11.1892
16 47 13.6292
16 48 0.477881
16 49 7.63524
16 50 8.23916
16 51 8.94681
16 52 13.6292
16 53 13.0596
16 54 10.1039
16 55 12.5357
16 56 12.5357
16 57 13.0596
16 58 1.76625
16 59 6.5201
16 60 12.0523
16 61 7.82646
16 62 10.4415
16 63 12.5357
16 64 0.150318
16 65 8.69778
16 66 11.1892
16 67 10.8024
16 68 10.4414
16 69 12.0522
16 70 10.4415
16 71 13.6292
16 72 -0
16 73 9.21049
16 74 0.927496
16 75 0.193627
16 76 13.6292
16 77 0.0753933
16 78 8.9468
16 79 10.1039
16 80 12.5357
16 81 11.1892
16 82 -0
16 83 7.63523
16 84 13.0596
16 85 -0
16 86 12.5357
16 87 7.63523
16 88 12.0522
16 89 10.4415
16 90 10.8024
16 91 0.123619
16 92 8.94681
16 93 11.1892
16 94 0.145219
16 95 -0
16 96 14.2508
16 97 13.0596
16 98 0.631404
16 99 8.46227
16 100 9.49022
16 101 11.1892
16 102 8.23914
16 103 36.3762
16 104 56.3303
16 105 74.7147
16 106 53.2527
16 107 78.4871
16 108 67.4239
16 109 79.3651
16 110 52.7034
16 111 68.2141
16 112 79.6494
16 113 65.2217
16 114 59.5426
16 115 71.24
16 116 63.368
16 117 64.4454
16 118 60.2428
16 119 64.1979
16 120 79.1026
16 121 77.6359
16 122 46.0456
16 123 51.18
16 124 68.5361
16 125 73.8181
16 126 79.0538
16 127 73.5511
16 128 63.4336
16 129 51.3297
16 130 65.8828
16 131 69.4636
16 132 79.0478
16 133 70.101
16 134 44.1528
16 135 48.1342
16 136 45.2053
16 137 46.9648
16 138 69.7417
16 139 58.8539
16 140 79.573
16 141 39.9642
16 142 77.6627
16 143 74.5464
16 144 59.3377
16 145 62.5285
16 146 44.7951
16 147 45.7616
16 148 75.2467
16 149 41.9897
16 150 74.0541
16 151 58.9162
16 152 77.0928
16 153 75.0578
16 154 70.7846
16 155 79.5706
16 156 79.5706
16 157 47.1847
16 158 61.7765
16 159 67.7743
16 160 69.0669
16 161 71.7667
16 162 79.05
16 163 74.832
16 164 73.4651
16 165 70.667
16 166 72.5594
16 167 75.6635
16 168 66.7944
16 169 51.0135
16 170 56.1666
16 171 28.4161
16 172 42.8777
16 173 33.9868
16 174 79.2332
16 175 70.9601
16 176 48.347
16 177 73.5359
16 178 56.9477
16 179 76.1266
16 180 79.6494
16 181 74.3173
16 182 46.6968
16 183 78.9926
16 184 79.07
16 185 79.6494
16 186 59.5389
16 187 73.7761
16 188 79.6494
16 189 79.3867
16 190 79.6494
16 191 79.6494
17 1 0.0493421
17 2 0.0408996
17 3 8.02751
17 4 14.2508
17 5 11.6047
17 6 10.4415
17 7 11.1892
17 8 11.6047
17 9 8.6978
17 10 13.0597
17 11 13.6292
17 12 12.0523
17 13 12.0523
17 14 11.6047
17 15 12.5358
17 16 11.1892
17 17 12.0523
17 18 12.0522
17 19 -0
17 20 8.0275
17 21 13.0596
17 22 9.49022
17 23 8.23916
17 24 9.21051
17 25 -0
17 26 1.89476
17 27 9.4902
17 28 13.6292
17 29 14.2507
17 30 -0
17 31 14.2508
17 32 13.6292
17 33 8.23916
17 34 14.2507
17 35 7.63524
17 36 8.02748
17 37 8.94681
17 38 13.6292
17 39 8.02751
17 40 13.6292
17 41 -0
17 42 -0
17 43 0.603365
17 44 1.96629
17 45 0.045166
17 46 12.0523
17 47 8.23914
17 48 0.653863
17 49 13.6291
17 50 11.6047
17 51 9.78745
17 52 13.0597
17 53 13.0596
17 54 12.5358
17 55 -0
17 56 -0
17 57 9.49018
17 58 10.1039
17 59 11.1892
17 60 7.63524
17 61 11.6047
17 62 9.78743
17 63 8.23914
17 64 8.46227
17 65 12.0522
17 66 7.82646
17 67 13.0596
17 68 13.6292
17 69 11.1892
17 70 13.0596
17 71 10.4415
17 72 7.11381
17 73 7.82645
17 74 8.23913
17 75 -0
17 76 8.0275
17 77 13.0595
17 78 11.6047
17 79 7.82646
17 80 10.1039
17 81 11.1891
17 82 -0
17 83 8.02747
17 84 7.82644
17 85 -0
17 86 13.0596
17 87 14.2507
17 88 0.649785
17 89 1.97874
17 90 -0
17 91 8.46225
17 92 -0
17 93 11.1891
17 94 12.5357
17 95 14.2506
17 96 12.5357
17 97 11.6047
17 98 9.78745
17 99 11.1891
17 100 13.0596
17 101 14.2507
17 102 14.2506
17 103 79.2967
17 104 52.9087
17 105 44.4333
17 106 61.5797
17 107 79.2955
17 108 78.619
17 109 35.8819
17 110 79.6135
17 111 73.3478
17 112 71.1703
17 113 69.874
17 114 78.0076
17 115 79.6111
17 116 67.8027
17 117 51.9183
17 118 66.2954
17 119 66.9604
17 120 74.229
17 121 76.1073
17 122 70.4111
17 123 46.6175
17 124 34.5802
17 125 77.9939
17 126 49.9856
17 127 77.0168
17 128 76.9917
17 129 60.2883
17 130 55.1176
17 131 66.3749
17 132 72.1901
17 133 67.0175
17 134 42.1134
17 135 63.5706
17 136 66.5093
17 137 37.6791
17 138 43.7761
17 139 59.3355
17 140 61.5464
17 141 78.1982
17 142 74.268
17 143 78.055
17 144 50.4188
17 145 67.0701
17 146 79.2552
17 147 79.2943
17 148 64.5148
17 149 75.5983
17 150 79.3639
17 151 70.5839
17 152 28.4932
17 153 79.647
17 154 77.4637
17 155 61.6735
17 156 57.851
17 157 79.647
17 158 79.629
17 159 54.2853
17 160 79.6458
17 161 79.641
17 162 46.5304
17 163 79.5706
17 164 79.3651
17 165 67.9269
17 166 79.5922
17 167 78.8085
17 168 74.9955
17 169 69.0393
17 170 79.4036
17 171 79.6458
17 172 65.2522
17 173 79.3211
17 174 59.1256
17 175 74.0808
17 176 73.9747
17 177 79.567
17 178 58.5887
17 179 67.9775
17 180 79.6386
17 181 79.5646
17 182 53.075
17 183 79.3651
17 184 27.6758
17 185 77.4489
17 186 59.8473
17 187 39.2717
17 188 79.573
17 189 79.6494
17 190 79.6494
18 1 -0
18 2 12.0523
18 3 0.0472631
18 4 9.78745
18 5 9.21051
18 6 9.49022
18 7 11.6047
18 8 8.02751
18 9 8.94681
18 10 8.0275
18 11 12.0523
18 12 12.0523
18 13 14.2508
18 14 -0
18 15 9.21049
18 16 14.2507
18 17 9.21047
18 18 10.1039
18 19 -0
18 20 8.46227
18 21 13.6292
18 22 8.46227
18 23 7.82646
18 24 13.0597
18 25 12.0522
18 26 10.4415
18 27 8.6978
18 28 8.23916
18 29 9.78743
18 30 10.4415
18 31 0.214492
18 32 10.1039
18 33 14.2507
18 34 14.2508
18 35 12.0523
18 36 9.4902
18 37 0.0666179
18 38 -0
18 39 10.1039
18 40 13.6292
18 41 -0
18 42 13.0597
18 43 8.02751
18 44 12.0523
18 45 10.1039
18 46 9.49018
18 47 -0
18 48 9.21046
18 49 11.1892
18 50 14.2507
18 51 -0
18 52 8.6978
18 53 14.2506
18 54 0.527935
18 55 1.954
18 56 12.5358
18 57 10.8024
18 58 13.6292
18 59 14.2507
18 60 11.1892
18 61 8.02748
18 62 11.1892
18 63 -0
18 64 11.6047
18 65 1.37708
18 66 1.02483
18 67 -0
18 68 9.49022
18 69 0.177564
18 70 10.1038
18 71 1.22104
18 72 9.21044
18 73 9.78745
18 74 13.0596
18 75 13.0596
18 76 8.46225
18 77 11.1892
18 78 1.0282
18 79 12.5358
18 80 9.49016
18 81 1.89476
18 82 12.5358
18 83 -0
18 84 10.8024
18 85 10.1039
18 86 8.23916
18 87 9.4902
18 88 10.8024
18 89 9.78743
18 90 -0
18 91 11.6047
18 92 -0
18 93 12.5357
18 94 10.4415
18 95 10.1039
18 96 11.6047
18 97 9.78741
18 98 13.6292
18 99 11.1892
18 100 10.4415
18 101 77.9443
18 102 71.8387
18 103 74.6744
18 104 74.4034
18 105 52.671
18 106 59.3287
18 107 70.8894
18 108 78.9484
18 109 79.573
18 110 40.9273
18 111 74.4473
18 112 67.075
18 113 77.8117
18 114 77.8829
18 115 75.5068
18 116 57.0628
18 117 37.5437
18 118 79.573
18 119 37.1671
18 120 63.819
18 121 66.0928
18 122 74.7213
18 123 73.6298
18 124 39.9407
18 125 68.3527
18 126 60.4273
18 127 57.5969
18 128 78.2796
18 129 53.463
18 130 63.1341
18 131 72.0235
18 132 79.3287
18 133 51.947
18 134 77.0009
18 135 75.2704
18 136 39.2741
18 137 61.4011
18 138 34.7121
18 139 57.5327
18 140 74.7866
18 141 48.0968
18 142 65.7493
18 143 67.2043
18 144 79.1827
18 145 79.3651
18 146 79.16
18 147 51.5325
18 148 78.1165
18 149 74.3846
18 150 77.5743
18 151 56.2345
18 152 49.6319
18 153 71.0767
18 154 79.1285
18 155 77.0683
18 156 76.5155
18 157 65.6919
18 158 52.5505
18 159 66.0518
18 160 79.1612
18 161 78.3463
18 162 76.6635
18 163 79.16
18 164 50.9056
18 165 62.2166
18 166 67.3498
18 167 74.1888
18 168 72.5627
18 169 34.5174
18 170 40.2881
18 171 31.6772
18 172 74.0738
18 173 66.9925
18 174 72.0202
18 175 61.3019
18 176 72.0326
18 177 70.5693
18 178 34.9357
18 179 75.7655
18 180 79.3866
18 181 79.573
18 182 55.7945
18 183 79.6007
18 184 75.8914
18 185 79.5489
18 186 79.6494
18 187 79.6494
18 188 69.3201
18 189 0.0225758
18 190 0.0170205
19 1 0.0151079
19 2 0.0125239
19 3 13.6292
19 4 12.5358
19 5 12.0523
19 6 -0
19 7 7.63524
19 8 0.0576682
19 9 12.0523
19 10 9.21051
19 11 13.6292
19 12 11.1892
19 13 8.46227
19 14 0.0500887
19 15 -0
19 16 7.82646
19 17 10.1039
19 18 8.23916
19 19 0.27366
19 20 11.1892
19 21 11.6047
19 22 -0
19 23 12.5358
19 24 8.02751
19 25 -0
19 26 9.78745
19 27 6.95547
19 28 10.4415
19 29 8.23914
19 30 11.1892
19 31 9.49022
19 32 10.4415
19 33 10.8024
19 34 10.8024
19 35 10.8024
19 36 0.197669
19 37 9.21049
19 38 13.0597
19 39 -0
19 40 9.21047
19 41 9.21051
19 42 7.82646
19 43 8.0275
19 44 9.4902
19 45 14.2508
19 46 11.6047
19 47 9.78745
19 48 -0
19 49 13.6292
19 50 9.49022
19 51 7.82645
19 52 8.02748
19 53 10.8024
19 54 11.1892
19 55 13.6292
19 56 11.1891
19 57 12.0523
19 58 12.5357
19 59 9.78743
19 60 8.6978
19 61 12.0523
19 62 10.4415
19 63 11.6047
19 64 1.53995
19 65 1.67176
19 66 -0
19 67 8.94681
19 68 13.6292
19 69 8.46225
19 70 8.02747
19 71 12.0523
19 72 13.0596
19 73 10.4415
19 74 0.0300541
19 75 10.4414
19 76 10.1039
19 77 7.82645
19 78 11.6047
19 79 7.63524
19 80 13.0596
19 81 10.1039
19 82 13.6292
19 83 11.6047
19 84 13.0596
19 85 12.5358
19 86 8.23913
19 87 -0
19 88 11.6047
19 89 10.1039
19 90 12.5357
19 91 1.5324
19 92 7.27952
19 93 8.23916
19 94 10.1038
19 95 11.6047
19 96 8.69778
19 97 10.8024
19 98 10.4415
19 99 -0
19 100 10.8024
19 101 10.1039
19 102 7.82644
19 103 36.9968
19 104 69.8997
19 105 67.2555
19 106 71.9771
19 107 70.479
19 108 75.7704
19 109 75.0265
19 110 76.5725
19 111 79.6458
19 112 71.827
19 113 54.0139
19 114 77.3323
19 115 79.6087
19 116 65.7035
19 117 53.3136
19 118 68.3663
19 119 45.0123
19 120 72.7436
19 121 41.4862
19 122 48.6283
19 123 79.1119
19 124 58.9598
19 125 58.7152
19 126 37.1948
19 127 69.3092
19 128 37.3146
19 129 75.2254
19 130 42.9196
19 131 46.4453
19 132 70.299
19 133 73.6306
19 134 77.6373
19 135 66.6517
19 136 39.8247
19 137 67.2344
19 138 45.949
19 139 78.8237
19 140 68.5787
19 141 79.6494
19 142 78.5827
19 143 79.6482
19 144 79.573
19 145 65.9581
19 146 78.5454
19 147 57.9117
19 148 79.3615
19 149 78.4263
19 150 76.3786
19 151 75.9032
19 152 73.9076
19 153 72.9485
19 154 54.0769
19 155 79.4964
19 156 69.553
19 157 58.5299
19 158 64.5287
19 159 79.1235
19 160 50.8072
19 161 79.2296
19 162 79.5682
19 163 79.2492
19 164 75.5048
19 165 78.8319
19 166 79.3591
19 167 75.6108
19 168 37.0258
19 169 77.8376
19 170 61.2994
19 171 72.4328
19 172 52.2773
19 173 78.9615
19 174 46.3097
19 175 77.9741
19 176 79.6398
19 177 63.0377
19 178 47.9972
19 179 79.3627
19 180 77.0863
19 181 73.7923
19 182 54.5945
19 183 79.629
19 184 79.1189
19 185 50.6425
19 186 79.6494
19 187 79.6494
19 188 79.573
19 189 56.7055
19 190 56.1213
19 191 64.7421
19 192 63.5238
19 193 79.6494
20 1 -0
20 2 11.1892
20 3 8.46227
20 4 8.46225
20 5 10.8024
20 6 11.1892
20 7 -0
20 8 10.8024
20 9 0.123766
20 10 9.49022
20 11 7.27952
20 12 13.0597
20 13 13.6292
20 14 7.82646
20 15 9.49022
20 16 -0
20 17 12.0523
20 18 -0
20 19 11.1892
20 20 8.94681
20 21 -0
20 22 13.0597
20 23 11.6047
20 24 12.5358
20 25 11.6047
20 26 0.0829809
20 27 1.55528
20 28 0.169383
20 29 12.5358
20 30 14.2508
20 31 13.0596
20 32 11.6047
20 33 13.6292
20 34 9.78745
20 35 8.9468
20 36 7.82646
20 37 8.23916
20 38 -0
20 39 9.78743
20 40 8.6978
20 41 0.0848971
20 42 9.21051
20 43 7.45314
20 44 0.0429145
20 45 13.0596
20 46 0.651138
20 47 11.6047
20 48 6.95547
20 49 10.8024
20 50 10.4415
20 51 11.6046
20 52 12.5357
20 53 9.4902
20 54 7.82645
20 55 12.0523
20 56 7.11381
20 57 12.0523
20 58 10.4415
20 59 12.0523
20 60 11.1892
20 61 10.1039
20 62 9.4902
20 63 8.23914
20 64 10.1039
20 65 13.6292
20 66 10.8024
20 67 12.0522
20 68 8.6978
20 69 13.6292
20 70 10.4415
20 71 12.0522
20 72 0.0591752
20 73 8.02751
20 74 8.02751
20 75 13.6292
20 76 7.27951
20 77 11.1891
20 78 10.1039
20 79 0.652498
20 80 12.5357
20 81 -0
20 82 13.0596
20 83 13.6291
20 84 12.5358
20 85 9.49018
20 86 12.5357
20 87 7.82645
20 88 10.8024
20 89 0.329666
20 90 12.5357
20 91 8.69778
20 92 8.0275
20 93 8.23913
20 94 11.6046
20 95 -0
20 96 12.5357
20 97 -0
20 98 8.0275
20 99 10.4415
20 100 10.8024
20 101 32.4329
20 102 79.6494
20 103 68.5818
20 104 58.2804
20 105 53.2382
20 106 78.3171
20 107 53.5121
20 108 79.573
20 109 46.0975
20 110 74.6049
20 111 63.2984
20 112 31.4109
20 113 64.0609
20 114 52.3449
20 115 68.9857
20 116 44.3636
20 117 36.8393
20 118 72.3309
20 119 69.0419
20 120 78.1085
20 121 76.1005
20 122 78.5756
20 123 75.9695
20 124 33.3381
20 125 66.0733
20 126 33.7539
20 127 76.9658
20 128 79.0974
20 129 79.2528
20 130 43.1715
20 131 77.0534
20 132 42.3799
20 133 54.4934
20 134 59.5362
20 135 58.1533
20 136 77.7277
20 137 68.3146
20 138 71.7388
20 139 23.0732
20 140 56.5965
20 141 63.2944
20 142 49.981
20 143 70.3057
20 144 76.6558
20 145 58.9928
20 146 66.5933
20 147 36.9756
20 148 78.5575
20 149 74.4266
20 150 75.1025
20 151 78.6409
20 152 73.873
20 153 74.5359
20 154 73.1554
20 155 79.2308
20 156 79.6458
20 157 39.7915
20 158 45.154
20 159 69.3179
20 160 39.8505
20 161 36.0827
20 162 78.3257
20 163 78.2558
20 164 45.8182
20 165 19797.8
20 166 43.6989
20 167 78.9138
20 168 59.0344
20 169 46.9564
20 170 79.2332
20 171 68.4196
20 172 79.232
20 173 57.3606
20 174 70.6628
20 175 51.8353
20 176 78.3135
20 177 71.0945
20 178 77.2357
20 179 78.7765
20 180 46.4595
20 181 73.6281
20 182 75.8598
20 183 59.5665
20 184 79.3521
20 185 69.4983
20 186 75.7158
20 187 56.2183
20 188 47.2691
20 189 79.2036
20 190 77.2016
20 191 76.619
21 1 0.02967
21 2 0.0296704
21 3 11.6047
21 4 1.19307
21 5 11.1892
21 6 -0
21 7 12.5358
21 8 -0
21 9 0.485302
21 10 8.02751
21 11 10.8024
21 12 10.4415
21 13 14.2508
21 14 12.0523
21 15 -0
21 16 11.1892
21 17 6.80403
21 18 8.02751
21 19 9.21051
21 20 14.2507
21 21 8.94681
21 22 0.973737
21 23 14.2507
21 24 -0
21 25 10.8024
21 26 12.5358
21 27 -0
21 28 13.6292
21 29 -0
21 30 10.8024
21 31 13.0597
21 32 9.21049
21 33 -0
21 34 1.75632
21 35 11.6047
21 36 -0
21 37 11.6047
21 38 9.21047
21 39 10.1039
21 40 11.1892
21 41 11.1892
21 42 7.82646
21 43 9.78745
21 44 12.0523
21 45 13.0596
21 46 9.78745
21 47 -0
21 48 9.21051
21 49 10.4415
21 50 -0
21 51 -0
21 52 9.21046
21 53 14.2508
21 54 13.6292
21 55 8.0275
21 56 13.6292
21 57 14.2506
21 58 8.02748
21 59 13.0596
21 60 8.23916
21 61 -0
21 62 10.1039
21 63 11.6047
21 64 8.6978
21 65 12.5358
21 66 7.63524
21 67 10.1039
21 68 8.46227
21 69 7.63523
21 70 10.4415
21 71 -0
21 72 9.21049
21 73 10.4415
21 74 12.0523
21 75 13.6292
21 76 12.0523
21 77 12.0523
21 78 1.19307
21 79 12.0522
21 80 8.46227
21 81 -0
21 82 8.0275
21 83 8.9468
21 84 14.2507
21 85 0.0339418
21 86 7.63524
21 87 8.69778
21 88 -0
21 89 8.23914
21 90 -0
21 91 9.21047
21 92 1.07047
21 93 13.6292
21 94 13.0596
21 95 9.49022
21 96 8.02747
21 97 9.21044
21 98 14.2506
21 99 10.8024
21 100 13.6292
21 101 10.8024
21 102 12.5357
21 103 79.573
21 104 76.1164
21 105 76.576
21 106 24.6009
21 107 78.9017
21 108 79.4495
21 109 79.6494
21 110 72.7422
21 111 42.8381
21 112 70.4841
21 113 79.647
21 114 50.3935
21 115 75.2373
21 116 53.3083
21 117 74.1812
21 118 79.6494
21 119 34.7053
21 120 75.6644
21 121 76.406
21 122 70.3642
21 123 42.0137
21 124 61.1262
21 125 79.1269
21 126 76.0286
21 127 28.3309
21 128 66.583
21 129 75.2352
21 130 63.5194
21 131 41.2224
21 132 60.4571
21 133 79.5467
21 134 40.026
21 135 52.1238
21 136 77.6629
21 137 70.8108
21 138 67.0484
21 139 73.8332
21 140 65.8326
21 141 79.6458
21 142 76.5999
21 143 79.5646
21 144 79.6458
21 145 79.2788
21 146 66.1001
21 147 70.872
21 148 58.3701
21 149 70.8276
21 150 27.8587
21 151 79.2871
21 152 72.0053
21 153 78.1287
21 154 56.8215
21 155 75.275
21 156 74.9325
21 157 70.4715
21 158 63.6983
21 159 79.5395
21 160 72.8863
21 161 47.5843
21 162 64.0653
21 163 65.862
21 164 60.7986
21 165 79.2895
21 166 79.6398
21 167 79.3556
21 168 75.9933
21 169 76.8657
21 170 79.6482
21 171 75.8575
21 172 47.937
21 173 76.8452
21 174 79.3556
21 175 60.1336
21 176 74.4121
21 177 78.9809
21 178 63.7986
21 179 69.5817
21 180 46.9989
21 181 50.7396
21 182 66.2387
21 183 79.6494
21 184 79.3717
21 185 72.5432
21 186 79.6494
22 1 9.78745
22 2 8.46227
22 3 12.5358
22 4 10.8024
22 5 9.78745
22 6 11.6047
22 7 14.2508
22 8 11.1892
22 9 9.78743
22 10 9.78741
22 11 13.6292
22 12 13.0597
22 13 7.82646
22 14 10.4415
22 15 7.82646
22 16 10.1039
22 17 13.0596
22 18 11.1892
22 19 9.78739
22 20 12.5357
22 21 9.21051
22 22 9.49022
22 23 1.01485
22 24 13.6292
22 25 8.23916
22 26 0.973737
22 27 14.2508
22 28 11.1892
22 29 8.23916
22 30 8.46225
22 31 7.82645
22 32 -0
22 33 0.525273
22 34 9.21051
22 35 9.78743
22 36 13.0596
22 37 13.0596
22 38 8.6978
22 39 13.6292
22 40 8.23914
22 41 14.2507
22 42 13.0595
22 43 7.63524
22 44 8.02751
22 45 9.78737
22 46 12.0523
22 47 8.23914
22 48 -0
22 49 0.13877
22 50 0.97678
22 51 -0
22 52 11.6047
22 53 11.6047
22 54 10.4415
22 55 11.1892
22 56 11.6047
22 57 9.21049
22 58 9.49022
22 59 8.02751
22 60 1.96629
22 61 7.63523
22 62 13.6292
22 63 7.63524
22 64 -0
22 65 7.82645
22 66 8.23913
22 67 12.5358
22 68 12.0523
22 69 10.4415
22 70 7.82644
22 71 -0
22 72 14.2507
22 73 12.0523
22 74 14.2507
22 75 10.4415
22 76 0.244154
22 77 10.8024
22 78 13.0597
22 79 8.6978
22 80 12.0523
22 81 11.1892
22 82 8.46227
22 83 8.23911
22 84 14.2506
22 85 12.5358
22 86 14.2507
22 87 10.8024
22 88 11.1891
22 89 13.6292
22 90 8.2391
22 91 10.4415
22 92 1.94185
22 93 8.46225
22 94 10.4415
22 95 12.5357
22 96 10.8024
22 97 11.6047
22 98 12.5357
22 99 -0
22 100 -0
22 101 45.1663
22 102 50.9158
22 103 70.6737
22 104 79.2084
22 105 79.0186
22 106 79.5706
22 107 39.9418
22 108 79.5496
22 109 60.9992
22 110 38.0742
22 111 69.5665
22 112 42.7754
22 113 75.3728
22 114 49.811
22 115 67.8132
22 116 72.1846
22 117 74.872
22 118 52.3187
22 119 39.4606
22 120 57.7905
22 121 63.4396
22 122 79.1454
22 123 75.4906
22 124 45.1722
22 125 78.9922
22 126 77.8677
22 127 35.5837
22 128 75.2139
22 129 35.555
22 130 78.4198
22 131 74.2717
22 132 71.8816
22 133 75.7147
22 134 70.5497
22 135 63.1893
22 136 69.0232
22 137 40.7781
22 138 78.5041
22 139 65.2862
22 140 77.083
22 141 74.8028
22 142 52.0141
22 143 39.6701
22 144 57.33
22 145 34.8246
22 146 73.5484
22 147 79.5694
22 148 79.2593
22 149 44.0945
22 150 79.5694
22 151 64.3537
22 152 79.3615
22 153 79.5682
22 154 47.1389
22 155 79.567
22 156 77.8381
22 157 78.5901
22 158 76.8708
22 159 36.7758
22 160 79.1055
22 161 50.3595
22 162 79.5706
22 163 58.8009
22 164 78.8722
22 165 64.3012
22 166 78.4676
22 167 71.3919
22 168 79.5694
22 169 77.2892
22 170 77.977
22 171 76.5996
22 172 72.5135
22 173 79.5682
22 174 79.567
22 175 79.3615
22 176 35.7253
22 177 79.3591
22 178 70.4789
22 179 75.8089
22 180 76.8192
22 181 79.5682
22 182 49.9074
22 183 47.8477
22 184 70.7728
22 185 57.5256
22 186 74.805
22 187 79.573
22 188 69.7684
22 189 77.7874
22 190 76.6411
22 191 44.2157
22 192 79.6494
22 193 79.6494
23 1 7.13141e+06
23 2 185.429
23 3 7.13141e+06
23 4 185.429
23 5 7.13141e+06
23 6 185.429
23 7 8.23916
23 8 12.5358
23 9 8.6978
23 10 12.0523
23 11 13.0597
23 12 9.78745
23 13 10.4415
23 14 13.6292
23 15 11.1892
23 16 13.0596
23 17 12.5357
23 18 7.27952
23 19 0.329319
23 20 8.23916
23 21 9.21051
23 22 -0
23 23 11.6047
23 24 12.0523
23 25 0.110505
23 26 13.0596
23 27 7.63524
23 28 13.0597
23 29 8.46227
23 30 10.4415
23 31 10.1039
23 32 8.23914
23 33 13.6292
23 34 8.46227
23 35 13.0596
23 36 -0
23 37 -0
23 38 -0
23 39 -0
23 40 12.0523
23 41 9.49022
23 42 1.96629
23 43 9.21049
23 44 10.8024
23 45 13.6292
23 46 8.46225
23 47 11.1892
23 48 10.4415
23 49 13.0596
23 50 -0
23 51 -0
23 52 12.5358
23 53 13.0596
23 54 7.63523
23 55 12.0522
23 56 0.245883
23 57 12.0523
23 58 7.27952
23 59 9.78743
23 60 -0
23 61 9.78741
23 62 7.45314
23 63 10.1039
23 64 0.0326203
23 65 -0
23 66 9.49022
23 67 -0
23 68 7.63522
23 69 -0
23 70 8.46225
23 71 8.6978
23 72 12.0523
23 73 8.69778
23 74 12.5358
23 75 8.69777
23 76 8.69775
23 77 13.6291
23 78 0.0697089
23 79 10.4415
23 80 13.0595
23 81 8.69773
23 82 -0
23 83 7.82646
23 84 8.69778
23 85 8.23913
23 86 7.82645
23 87 9.78739
23 88 10.4414
23 89 11.6047
23 90 12.0522
23 91 12.0522
23 92 8.69776
23 93 0.0515853
23 94 11.1892
23 95 10.1039
23 96 13.0595
23 97 13.6292
23 98 8.02751
23 99 10.8024
23 100 11.1892
23 101 11.6047
23 102 7.11381
23 103 7.27951
23 104 8.0275
23 105 7.27951
23 106 9.21047
23 107 51.5823
23 108 61.2807
23 109 76.069
23 110 75.0466
23 111 74.9374
23 112 79.6494
23 113 66.1136
23 114 76.7825
23 115 79.573
23 116 79.5706
23 117 73.2339
23 118 53.6012
23 119 47.7544
23 120 69.1087
23 121 71.9929
23 122 52.5858
23 123 79.573
23 124 79.573
23 125 76.176
23 126 73.6351
23 127 59.5895
23 128 75.3771
23 129 74.6774
23 130 77.2786
23 131 68.4884
23 132 48.0776
23 133 76.6852
23 134 45.3532
23 135 43.4003
23 136 74.9179
23 137 67.7137
23 138 57.7227
23 139 68.2199
23 140 71.6429
23 141 23.8885
23 142 79.3639
23 143 71.3627
23 144 46.3795
23 145 69.44
23 146 66.1466
23 147 64.4375
23 148 75.8822
23 149 75.0993
23 150 59.3998
23 151 79.1187
23 152 53.1495
23 153 78.8101
23 154 79.573
23 155 75.8941
23 156 49.251
23 157 74.9285
23 158 52.2401
23 159 76.7322
23 160 78.7552
23 161 78.3574
23 162 78.8725
23 163 79.5718
23 164 72.3494
23 165 48.7636
23 166 72.1118
23 167 45.821
23 168 74.1723
23 169 56.8789
23 170 54.8196
23 171 76.4542
23 172 73.4195
23 173 76.4546
23 174 73.8504
23 175 76.3029
23 176 78.0433
23 177 79.5682
23 178 79.573
23 179 42.2147
23 180 48.9787
23 181 37.6377
23 182 79.3532
23 183 58.2787
23 184 60.1574
23 185 66.1335
23 186 53.5596
23 187 71.6324
23 188 73.9497
23 189 79.6494
23 190 79.6494
23 191 79.6494
23 192 79.3718
23 193 79.6494
23 194 79.6494
23 195 79.6494
24 1 0.0356617
24 2 0.035663
24 3 10.8024
24 4 -0
24 5 13.0597
24 6 9.78745
24 7 10.8024
24 8 9.78745
24 9 12.0523
24 10 9.21051
24 11 10.1039
24 12 11.1892
24 13 10.1039
24 14 7.45314
24 15 11.6047
24 16 9.21051
24 17 7.63524
24 18 13.6292
24 19 8.23916
24 20 9.78743
24 21 8.23916
24 22 13.6292
24 23 9.49022
24 24 12.0523
24 25 12.0523
24 26 14.2508
24 27 7.27952
24 28 8.46227
24 29 -0
24 30 12.0523
24 31 8.23914
24 32 10.4415
24 33 7.82646
24 34 -0
24 35 10.1039
24 36 9.78743
24 37 12.0522
24 38 13.6292
24 39 -0
24 40 12.5358
24 41 0.647094
24 42 10.4415
24 43 13.0597
24 44 0.138647
24 45 11.6047
24 46 8.94681
24 47 0.0443707
24 48 11.6047
24 49 9.21049
24 50 8.23914
24 51 11.1892
24 52 14.2507
24 53 -0
24 54 12.5358
24 55 12.5358
24 56 -0
24 57 8.23913
24 58 10.4415
24 59 10.1039
24 60 6.25893
24 61 6.80403
24 62 14.2507
24 63 9.4902
24 64 11.6047
24 65 7.45313
24 66 8.02751
24 67 8.46227
24 68 9.21049
24 69 0.0331041
24 70 7.82646
24 71 13.6292
24 72 12.5357
24 73 12.5357
24 74 8.6978
24 75 12.5357
24 76 11.1892
24 77 0.470683
24 78 9.21047
24 79 7.82645
24 80 12.5357
24 81 -0
24 82 10.1038
24 83 11.1892
24 84 8.0275
24 85 8.23913
24 86 10.8024
24 87 8.46225
24 88 10.8024
24 89 10.1039
24 90 10.8024
24 91 9.78741
24 92 13.6291
24 93 8.46224
24 94 8.02751
24 95 0.389686
24 96 7.82645
24 97 1.96629
24 98 10.8024
24 99 12.0523
24 100 10.4415
24 101 10.8024
24 102 10.1039
24 103 23.9099
24 104 28.5657
24 105 22.3746
24 106 47.4842
24 107 74.7864
24 108 76.4446
24 109 71.0774
24 110 67.2698
24 111 36.7394
24 112 73.4856
24 113 57.9389
24 114 56.6312
24 115 74.7215
24 116 57.1073
24 117 74.7275
24 118 39.7455
24 119 39.1273
24 120 69.3026
24 121 54.321
24 122 72.4579
24 123 26.1798
24 124 76.785
24 125 73.8353
24 126 73.93
24 127 35.1908
24 128 72.1302
24 129 49.4528
24 130 50.0938
24 131 43.8735
24 132 77.9712
24 133 31.3996
24 134 77.0393
24 135 67.9118
24 136 79.2955
24 137 79.5514
24 138 62.1428
24 139 74.0903
24 140 79.0607
24 141 49.4405
24 142 70.3074
24 143 51.8679
24 144 77.1611
24 145 43.7846
24 146 70.5988
24 147 76.8667
24 148 70.0173
24 149 34.4128
24 150 74.1774
24 151 38.1167
24 152 79.0734
24 153 62.8705
24 154 79.5718
24 155 77.757
24 156 79.2511
24 157 65.8646
24 158 79.5718
24 159 40.515
24 160 79.2504
24 161 79.1856
24 162 70.877
24 163 51.2105
24 164 42.1764
24 165 79.2967
24 166 75.5975
24 167 79.5646
24 168 76.9584
24 169 79.5706
24 170 59.7388
24 171 66.6498
24 172 62.5486
24 173 65.9094
24 174 71.1401
24 175 74.9395
24 176 79.2943
24 177 72.1334
24 178 79.3651
24 179 79.573
24 180 79.2967
24 181 38.9724
24 182 58.143
24 183 61.2859
24 184 51.6799
24 185 76.7196
24 186 79.3627
24 187 74.1985
24 188 77.9404
24 189 70.9834
24 190 74.8818
24 191 52.7027
24 192 55.9615
24 193 79.3163
24 194 79.6494
24 195 56.7527
24 196 79.6494
24 197 7.13141e+06
24 198 185.429
25 1 0.0291409
25 2 0.0315739
25 3 10.8024
25 4 12.5358
25 5 7.63524
25 6 11.1892
25 7 8.6978
25 8 6.80403
25 9 8.23916
25 10 -0
25 11 14.2508
25 12 -0
25 13 7.82646
25 14 13.6292
25 15 8.94681
25 16 -0
25 17 12.5358
25 18 9.21051
25 19 1.05958
25 20 8.23914
25 21 0.603365
25 22 11.6047
25 23 12.5358
25 24 10.1039
25 25 9.21049
25 26 -0
25 27 12.5357
25 28 12.5357
25 29 12.0523
25 30 13.6292
25 31 10.4415
25 32 8.23913
25 33 10.4415
25 34 7.27952
25 35 12.0523
25 36 8.02751
25 37 11.1892
25 38 12.0523
25 39 -0
25 40 11.6047
25 41 8.46227
25 42 7.63523
25 43 7.82646
25 44 9.78745
25 45 13.6292
25 46 7.82645
25 47 13.0597
25 48 1.056
25 49 12.0523
25 50 8.69778
25 51 13.6292
25 52 8.6978
25 53 0.389686
25 54 -0
25 55 -0
25 56 13.6292
25 57 7.27951
25 58 9.49022
25 59 10.1039
25 60 13.6291
25 61 -0
25 62 8.23911
25 63 9.21047
25 64 -0
25 65 0.99863
25 66 -0
25 67 12.5357
25 68 -0
25 69 7.63524
25 70 10.8024
25 71 8.46227
25 72 9.21051
25 73 -0
25 74 8.0275
25 75 11.6047
25 76 1.76625
25 77 -0
25 78 12.0522
25 79 8.02751
25 80 13.0597
25 81 -0
25 82 -0
25 83 8.69777
25 84 13.0596
25 85 10.4415
25 86 -0
25 87 -0
25 88 11.1892
25 89 -0
25 90 13.0596
25 91 8.69778
25 92 -0
25 93 12.0523
25 94 13.0596
25 95 12.0522
25 96 10.1039
25 97 8.23916
25 98 13.0596
25 99 11.6047
25 100 8.46225
25 101 12.0522
25 102 8.9468
25 103 75.4109
25 104 35.524
25 105 58.7992
25 106 43.9108
25 107 62.9877
25 108 70.3595
25 109 72.4127
25 110 39.2008
25 111 67.9884
25 112 75.3914
25 113 57.1207
25 114 51.0518
25 115 60.9946
25 116 32.401
25 117 58.0841
25 118 69.8345
25 119 52.5865
25 120 72.8576
25 121 73.3681
25 122 72.4263
25 123 46.4618
25 124 67.6869
25 125 78.8077
25 126 77.0231
25 127 63.2725
25 128 75.4169
25 129 43.1469
25 130 71.1688
25 131 72.417
25 132 32.6222
25 133 69.3311
25 134 34.2085
25 135 73.1682
25 136 70.9367
25 137 28.9374
25 138 27.8675
25 139 48.8985
25 140 73.846
25 141 57.5882
25 142 40.7637
25 143 79.6458
25 144 45.1391
25 145 51.866
25 146 79.573
25 147 73.7512
25 148 38.3605
25 149 67.5612
25 150 79.3615
25 151 77.7507
25 152 40.8493
25 153 75.1451
25 154 60.9084
25 155 77.4289
25 156 71.3953
25 157 56.6177
25 158 67.5521
25 159 67.0015
25 160 67.3245
25 161 76.1232
25 162 39.6109
25 163 79.2943
25 164 72.1184
25 165 79.5317
25 166 79.3627
25 167 79.573
25 168 38.5019
25 169 79.5706
25 170 79.5718
25 171 79.567
25 172 79.5706
25 173 74.0862
25 174 74.2722
25 175 76.6176
25 176 79.5694
25 177 38.5537
25 178 57.5528
25 179 50.9019
25 180 76.1161
25 181 72.5458
25 182 57.911
25 183 49.2421
25 184 79.6494
25 185 7.32624e+06
25 186 203.974
26 1 9.49022
26 2 7.82646
26 3 -0
26 4 8.94681
26 5 8.23916
26 6 11.1892
26 7 12.5358
26 8 13.6292
26 9 7.82645
26 10 -0
26 11 8.02751
26 12 10.4415
26 13 0.261085
26 14 8.9468
26 15 10.4415
26 16 -0
26 17 12.5357
26 18 12.5357
26 19 11.1892
26 20 9.4902
26 21 8.46227
26 22 9.78745
26 23 8.46227
26 24 7.63524
26 25 10.1039
26 26 9.78743
26 27 13.0597
26 28 -0
26 29 -0
26 30 12.0523
26 31 -0
26 32 -0
26 33 13.6292
26 34 0.543546
26 35 -0
26 36 9.21051
26 37 9.78745
26 38 14.2508
26 39 -0
26 40 13.6292
26 41 10.1039
26 42 10.8024
26 43 11.6047
26 44 12.5358
26 45 -0
26 46 10.8024
26 47 12.0523
26 48 12.0523
26 49 11.6047
26 50 11.6047
26 51 8.46225
26 52 13.0596
26 53 0.652498
26 54 -0
26 55 13.0596
26 56 9.21049
26 57 8.23916
26 58 14.2508
26 59 9.78741
26 60 13.6292
26 61 11.1892
26 62 10.4415
26 63 -0
26 64 12.0523
26 65 13.0596
26 66 9.49018
26 67 1.954
26 68 12.0522
26 69 11.1892
26 70 10.4415
26 71 -0
26 72 9.49022
26 73 10.1039
26 74 7.82646
26 75 7.27952
26 76 8.6978
26 77 13.0595
26 78 8.46225
26 79 1.22583
26 80 12.5358
26 81 10.8024
26 82 8.69778
26 83 13.0597
26 84 -0
26 85 -0
26 86 12.5357
26 87 13.6291
26 88 11.6047
26 89 8.6978
26 90 11.6046
26 91 13.6292
26 92 7.27952
26 93 9.78743
26 94 12.5357
26 95 11.1892
26 96 9.78741
26 97 12.0523
26 98 11.1891
26 99 7.82644
26 100 10.8024
26 101 69.5919
26 102 30.4347
26 103 73.0403
26 104 44.8111
26 105 66.3653
26 106 58.4149
26 107 48.8664
26 108 74.5969
26 109 73.129
26 110 68.9228
26 111 58.7852
26 112 69.7351
26 113 65.2649
26 114 60.8765
26 115 77.5322
26 116 67.815
26 117 79.2031
26 118 35.0986
26 119 54.0699
26 120 64.0278
26 121 69.5274
26 122 74.0835
26 123 72.952
26 124 70.6621
26 125 52.581
26 126 40.5475
26 127 71.6994
26 128 68.4096
26 129 77.3428
26 130 71.3158
26 131 73.0843
26 132 41.5513
26 133 52.114
26 134 44.9615
26 135 59.7976
26 136 53.0876
26 137 60.6444
26 138 53.09
26 139 74.3148
26 140 59.2637
26 141 22.518
26 142 18.9187
26 143 79.3544
26 144 79.2934
26 145 74.1422
26 146 52.557
26 147 79.3639
26 148 63.2152
26 149 53.7941
26 150 79.6482
26 151 74.5992
26 152 66.6177
26 153 76.9384
26 154 72.1852
26 155 74.761
26 156 79.3591
26 157 77.4866
26 158 77.3218
26 159 77.8345
26 160 79.1102
26 161 79.2213
26 162 77.0206
26 163 57.5143
26 164 71.3559
26 165 68.7545
26 166 65.5683
26 167 53.848
26 168 74.46
26 169 76.9337
26 170 79.6482
26 171 74.3312
26 172 36.3116
26 173 69.8442
26 174 79.226
26 175 79.6494
26 176 70.7199
26 177 76.8328
26 178 79.226
26 179 57.2761
26 180 79.6482
26 181 62.2592
26 182 69.3803
26 183 45.2757
26 184 79.6494
26 185 79.6494
26 186 68.7808
26 187 0.243969
26 188 0.137011
26 189 79.6494
26 190 0.0314621
26 191 0.0176749
27 1 0.0125976
27 2 0.0125979
27 3 11.1892
27 4 9.49022
27 5 8.6978
27 6 10.8024
27 7 9.78745
27 8 10.8024
27 9 8.02751
27 10 8.02751
27 11 8.0275
27 12 9.78745
27 13 12.0523
27 14 9.78743
27 15 14.2508
27 16 7.27952
27 17 8.94681
27 18 10.4415
27 19 12.5358
27 20 8.9468
27 21 14.2507
27 22 10.8024
27 23 0.0720058
27 24 -0
27 25 7.63524
27 26 6.80403
27 27 13.0597
27 28 10.4415
27 29 1.75632
27 30 8.6978
27 31 13.6292
27 32 12.5358
27 33 7.82646
27 34 11.1892
27 35 9.49022
27 36 14.2508
27 37 9.4902
27 38 12.5358
27 39 11.1892
27 40 11.6047
27 41 -0
27 42 -0
27 43 -0
27 44 0.150173
27 45 12.0523
27 46 6.80403
27 47 7.27951
27 48 10.1039
27 49 8.02748
27 50 9.78743
27 51 8.46227
27 52 8.23916
27 53 13.6292
27 54 12.0523
27 55 11.6047
27 56 9.4902
27 57 9.78741
27 58 11.1892
27 59 11.6047
27 60 1.35323
27 61 9.49018
27 62 10.1039
27 63 12.0523
27 64 14.2507
27 65 -0
27 66 13.0597
27 67 11.1892
27 68 9.21051
27 69 13.6292
27 70 13.0596
27 71 11.6047
27 72 8.46225
27 73 8.94678
27 74 10.1039
27 75 13.0596
27 76 8.46227
27 77 13.6292
27 78 13.0596
27 79 -0
27 80 1.94185
27 81 0.329319
27 82 7.45314
27 83 13.0596
27 84 12.0523
27 85 10.8024
27 86 9.49018
27 87 14.2507
27 88 11.6047
27 89 10.4415
27 90 9.21049
27 91 10.1039
27 92 14.2506
27 93 13.6292
27 94 13.6292
27 95 12.0522
27 96 8.02747
27 97 0.358401
27 98 12.5357
27 99 13.6291
27 100 10.4415
27 101 13.6291
27 102 -0
27 103 47.0787
27 104 72.8447
27 105 40.4862
27 106 79.1648
27 107 73.2877
27 108 37.406
27 109 74.9961
27 110 28.9698
27 111 79.2332
27 112 26.4529
27 113 79.2272
27 114 79.573
27 115 39.349
27 116 79.066
27 117 58.5059
27 118 53.6481
27 119 51.8713
27 120 53.228
27 121 77.8627
27 122 65.537
27 123 41.706
27 124 74.2024
27 125 54.7322
27 126 71.7927
27 127 73.0099
27 128 72.9636
27 129 65.0622
27 130 79.2197
27 131 77.2221
27 132 79.5718
27 133 77.5454
27 134 42.2566
27 135 79.2477
27 136 71.2825
27 137 75.8834
27 138 79.1354
27 139 69.2503
27 140 44.2404
27 141 75.1048
27 142 64.2065
27 143 39.5415
27 144 71.1555
27 145 43.5805
27 146 69.6176
27 147 77.0621
27 148 79.5646
27 149 78.7977
27 150 72.2489
27 151 57.3431
27 152 64.3633
27 153 79.2465
27 154 69.0944
27 155 75.4481
27 156 61.5889
27 157 75.2945
27 158 79.5694
27 159 65.067
27 160 64.8762
27 161 77.8431
27 162 48.7346
27 163 70.4472
27 164 61.4159
27 165 73.3011
27 166 70.4207
27 167 54.7128
27 168 62.1055
27 169 70.0256
27 170 77.6206
27 171 49.2819
27 172 65.5095
27 173 63.9426
27 174 79.5694
27 175 77.1982
27 176 41.8407
27 177 65.0383
27 178 70.8275
27 179 67.0617
27 180 74.1347
27 181 73.3689
27 182 50.9055
27 183 79.2548
27 184 45.7896
27 185 79.2548
27 186 39.9739
27 187 66.2314
27 188 62.3929
27 189 72.8173
27 190 66.3154
27 191 70.4166
27 192 79.6494
27 193 73.2257
27 194 50.3317
27 195 79.6494
27 196 0.0238664
27 197 0.0238668
28 1 7.63524
28 2 9.21051
28 3 -0
28 4 10.8024
28 5 11.1892
28 6 10.1039
28 7 13.6292
28 8 12.5358
28 9 9.78745
28 10 8.6978
28 11 7.11381
28 12 -0
28 13 12.5358
28 14 6.52011
28 15 13.0597
28 16 0.217175
28 17 0.3397
28 18 10.1039
28 19 0.524392
28 20 9.21051
28 21 -0
28 22 12.0523
28 23 10.8024
28 24 10.1039
28 25 10.4415
28 26 9.49022
28 27 -0
28 28 13.6292
28 29 8.69778
28 30 1.30792
28 31 10.4415
28 32 0.274863
28 33 0.140328
28 34 9.21049
28 35 10.4415
28 36 7.63524
28 37 12.0523
28 38 7.63523
28 39 8.69777
28 40 7.27952
28 41 13.6292
28 42 9.78745
28 43 11.1892
28 44 13.6292
28 45 8.02751
28 46 -0
28 47 7.82646
28 48 12.5357
28 49 8.6978
28 50 12.0523
28 51 9.78743
28 52 7.63523
28 53 6.13604
28 54 -0
28 55 0.200974
28 56 0.979843
28 57 1.94185
28 58 8.69778
28 59 12.5358
28 60 8.69776
28 61 8.69775
28 62 0.356357
28 63 11.1892
28 64 12.0523
28 65 9.21049
28 66 -0
28 67 0.265522
28 68 7.63522
28 69 8.46227
28 70 8.23916
28 71 10.1039
28 72 13.0597
28 73 0.390172
28 74 10.4415
28 75 12.0522
28 76 9.4902
28 77 7.63522
28 78 12.0522
28 79 -0
28 80 11.6047
28 81 12.5357
28 82 11.1892
28 83 0.941467
28 84 7.27951
28 85 13.0596
28 86 -0
28 87 -0
28 88 10.8024
28 89 7.82646
28 90 11.6047
28 91 8.46225
28 92 10.4415
28 93 12.5357
28 94 11.1892
28 95 11.6047
28 96 -0
28 97 8.02751
28 98 9.49018
28 99 12.5357
28 100 9.21047
28 101 79.3639
28 102 79.573
28 103 79.573
28 104 79.5706
28 105 65.6085
28 106 69.7164
28 107 79.573
28 108 72.3897
28 109 62.9376
28 110 67.0171
28 111 68.8587
28 112 48.2025
28 113 69.936
28 114 45.2237
28 115 72.8854
28 116 45.6143
28 117 66.9439
28 118 50.4555
28 119 44.2892
28 120 44.2918
28 121 45.3529
28 122 64.9855
28 123 41.9618
28 124 49.8653
28 125 35.8576
28 126 56.0995
28 127 55.2512
28 128 69.6102
28 129 38.1081
28 130 23.5927
28 131 75.0306
28 132 36.0712
28 133 70.5549
28 134 73.4831
28 135 72.2351
28 136 69.1743
28 137 76.993
28 138 64.326
28 139 34.3048
28 140 73.1284
28 141 78.953
28 142 66.6612
28 143 69.2052
28 144 58.2268
28 145 60.0491
28 146 59.1558
28 147 59.4061
28 148 65.9516
28 149 79.5646
28 150 55.9917
28 151 42.3174
28 152 79.1336
28 153 79.5694
28 154 77.2233
28 155 77.8697
28 156 61.3319
28 157 73.8116
28 158 40.621
28 159 70.8426
28 160 77.1278
28 161 72.866
28 162 79.3651
28 163 40.093
28 164 79.5658
28 165 75.7001
28 166 72.9994
28 167 31.8887
28 168 68.1671
28 169 77.3045
28 170 79.5658
28 171 54.7948
28 172 50.7721
28 173 66.5719
28 175 70.1828
28 174 46.2739
28 176 69.3746
28 177 32.7018
28 178 67.4211
28 179 73.7827
28 180 48.9306
28 181 71.1455
28 182 71.1667
28 183 70.9908
28 184 54.6771
28 185 61.6884
28 186 79.6494
28 187 75.1728
28 188 76.4315
28 189 79.6494
28 190 69.1089
28 191 0.064631
28 192 0.0646391
28 193 7.13141e+06
28 194 185.429
29 1 0.019904
29 2 0.0111818
29 3 7.13141e+06
29 4 76.4941
29 5 8.46227
29 6 13.0597
29 7 12.0523
29 8 13.6292
29 9 8.23916
29 10 12.5358
29 11 10.4415
29 12 6.52011
29 13 10.1039
29 14 9.78745
29 15 14.2508
29 16 10.4415
29 17 -0
29 18 -0
29 19 14.2507
29 20 10.8024
29 21 7.82646
29 22 11.1892
29 23 12.0523
29 24 9.78743
29 25 13.0597
29 26 7.63524
29 27 12.5358
29 28 13.0596
29 29 12.5358
29 30 9.78741
29 31 11.1892
29 32 8.46225
29 33 9.21051
29 34 12.5357
29 35 13.6292
29 36 7.63524
29 37 13.6292
29 38 9.21051
29 39 10.4415
29 40 8.23916
29 41 13.0596
29 42 9.21049
29 43 1.96629
29 44 13.6292
29 45 12.5357
29 46 12.0523
29 47 14.2507
29 48 -0
29 49 8.6978
29 50 -0
29 51 11.6047
29 52 13.0596
29 53 10.1039
29 54 9.78739
29 55 9.49022
29 56 7.82645
29 57 13.6291
29 58 8.46227
29 59 13.0596
29 60 8.6978
29 61 12.0523
29 62 12.5357
29 63 11.6047
29 64 8.23914
29 65 11.6047
29 66 11.6047
29 67 14.2508
29 68 0.0305685
29 69 -0
29 70 8.46225
29 71 6.65905
29 72 8.94681
29 73 13.0595
29 74 -0
29 75 12.0523
29 76 11.1892
29 77 12.0522
29 78 11.1892
29 79 -0
29 80 13.0596
29 81 7.82646
29 82 12.5356
29 83 9.49022
29 84 10.1039
29 85 8.23914
29 86 0.270345
29 87 13.0595
29 88 -0
29 89 13.6292
29 90 11.6047
29 91 11.6047
29 92 7.82645
29 93 12.0522
29 94 0.652498
29 95 10.8024
29 96 11.1892
29 97 11.6046
29 98 12.5356
29 99 14.2506
29 100 -0
29 101 7.82644
29 102 -0
29 103 14.2506
29 104 -0
29 105 67.1311
29 106 65.6705
29 107 66.6819
29 108 72.9241
29 109 75.3149
29 110 36.9151
29 111 64.8148
29 112 46.1258
29 113 78.7281
29 114 75.5054
29 115 69.795
29 116 46.4576
29 117 44.0662
29 118 75.5797
29 119 69.7558
29 120 63.7451
29 121 46.6133
29 122 79.5634
29 123 79.6494
29 124 70.9434
29 125 60.9628
29 126 65.5226
29 127 78.5331
29 128 41.5649
29 129 74.762
29 130 78.4409
29 131 41.1886
29 132 49.2186
29 133 77.1604
29 134 42.7361
29 135 31.2888
29 136 47.2907
29 137 75.0938
29 138 69.123
29 139 76.7601
29 140 74.0744
29 141 47.66
29 142 73.7276
29 143 72.006
29 144 67.3623
29 145 72.8159
29 146 50.9452
29 147 62.0771
29 148 31.9363
29 149 75.3056
29 150 70.3423
29 151 76.0875
29 152 33.5686
29 153 76.3286
29 154 79.5718
29 155 79.5718
29 156 79.0008
29 157 74.6108
29 158 59.6506
29 159 73.8087
29 160 70.2138
29 161 51.2479
29 162 70.8243
29 163 79.567
29 164 79.6446
29 165 37.3056
29 166 76.3822
29 167 61.9816
29 168 75.7547
29 169 47.953
29 170 79.2943
29 171 68.3969
29 172 79.4139
29 173 79.3032
29 174 79.1636
29 175 79.5718
29 176 72.7041
29 177 79.2308
29 178 70.4307
29 179 79.1636
29 180 61.3947
29 181 77.5083
29 182 32.9045
29 183 77.7197
29 184 45.5401
29 185 79.1662
29 186 79.5718
29 187 75.7603
29 188 60.6799
29 189 52.5218
29 190 76.0685
29 191 67.4156
29 192 79.6494
29 193 79.6188
29 194 79.6494
